69
69
0.24342014 0.02172293 -0.05140263 0.14643811 -0.00198982 0.03484578 -0.11455489 -0.01181133 0.00549633 -0.23273545 -0.04425961 0.05981949 -0.18114330 0.00326204 -0.02670997 0.01173849 -0.00763759 0.00196156 0.03807140 0.03150850 -0.02762050 0.02509154 -0.03492400 0.02296063 0.00235712 -0.00432199 -0.00034184 0.01441105 -0.01993542 0.01262176 0.01331211 0.03968246 -0.03274546 0.00704739 -0.00404795 0.00845011 -0.01114690 0.01849099 0.03050728 -0.02180150 -0.03194516 -0.00947862 0.01077501 -0.01298115 -0.00807246 -0.02240887 -0.01782819 0.00366072 0.01183114 -0.01159119 0.02483777 -0.02301559 0.03364301 0.00020967 -0.02121411 -0.03268506 -0.00859095 -0.00638274 0.00163443 -0.00524331 0.00603892 -0.00486532 -0.02298268 0.02199782 -0.00183202 0.01762988 0.00558915 -0.00273385 0.00128603 
0.02172293 0.01709209 0.00926010 0.00011146 -0.00322112 -0.00434201 -0.00666912 -0.00536437 0.00101731 -0.02738256 0.00552978 0.00434795 -0.01413053 -0.00080935 0.00050302 0.00075777 -0.00271038 -0.00004423 0.00725660 0.00252956 -0.01009670 0.00578286 0.00191647 0.00615586 -0.00080266 -0.00335476 0.00097207 -0.00129097 -0.00069392 0.00871080 -0.00336992 -0.00152021 -0.00574290 0.00064046 0.00465176 -0.00224496 0.00018228 0.00260467 0.00736247 -0.00120856 -0.01020475 -0.00686616 -0.00634115 0.00576918 0.00009154 -0.00689379 0.00049995 0.00225966 0.00030749 -0.00566591 0.00559337 0.00119950 0.00274569 -0.00164231 0.00080172 0.01212776 -0.00303575 0.00521645 -0.00006947 -0.00077740 -0.00238537 0.00162988 -0.00022146 -0.00287614 -0.00018155 -0.00072188 -0.00228613 0.00028172 0.00340823 
-0.05140263 0.00926010 0.04522025 -0.04401877 -0.00553449 -0.02580900 0.02120235 -0.00189177 -0.00522412 0.05565774 0.01175127 -0.01384913 0.05431441 0.00172955 0.01112902 -0.00115584 0.00035246 -0.00188576 0.00176128 -0.00789131 -0.00959598 0.00439682 0.01694471 0.00067708 -0.00333130 -0.00329180 -0.00010419 -0.00935070 0.00504491 0.01260141 -0.01233735 -0.02283839 0.00720150 -0.00124387 0.00748771 -0.00528023 0.00567838 0.00474896 -0.00296662 0.00720649 -0.01053200 -0.00460506 -0.01239428 0.01467743 0.00388780 -0.00217974 0.00530142 0.00408880 -0.00159149 -0.00728024 -0.00369456 0.00084282 -0.02546669 0.00444223 0.00569426 0.04043621 -0.00694692 -0.00948499 -0.00160893 -0.00223382 -0.01464295 0.00365816 0.01628716 -0.00485087 0.00179551 -0.00657447 -0.00145288 -0.00048337 0.00119502 
0.14643811 0.00011146 -0.04401877 0.25665033 -0.02395069 0.04996597 -0.11818973 0.02144623 -0.01121947 -0.14505036 -0.01353009 0.03932063 -0.23544844 0.03283185 -0.04552358 0.00793101 -0.01719865 -0.00235282 0.02508772 0.01872392 -0.02078168 0.03456778 -0.03853259 0.01913927 0.00501227 0.00370106 -0.00271904 0.02359875 -0.01466294 0.00982026 0.00203162 0.03841776 -0.02337156 0.01565053 -0.00547954 0.00371652 -0.01499789 0.01761678 0.04125044 -0.02656758 -0.02427587 -0.02235288 0.01311796 -0.00791450 -0.00223471 -0.03618542 -0.00653915 0.02019193 0.00235313 0.00188428 0.02027544 -0.03018483 0.06096121 -0.00098137 -0.01805701 -0.04156071 -0.01058052 -0.00755533 0.00621211 0.00156220 -0.00746777 -0.01094086 -0.02363653 0.02461703 -0.00208145 0.01519347 0.00800576 -0.00102101 0.00489739 
-0.00198982 -0.00322112 -0.00553449 -0.02395069 0.01501211 0.00561302 0.00860088 -0.00522016 0.00014747 0.00670873 -0.00180286 0.00040406 0.01869137 0.00392852 0.00138584 0.00030179 -0.00170973 0.00328025 -0.00726415 0.00115031 0.00614387 -0.01072947 0.00408205 -0.00486771 -0.00087303 -0.00292330 0.00022152 0.00111515 0.00035885 -0.00555605 0.00571953 -0.00000393 0.00383128 -0.00074112 0.00590764 0.00266911 0.00229478 -0.01078332 -0.00950898 0.00102231 0.00548495 0.01063453 0.00465885 -0.00087402 -0.00274381 0.00590546 -0.00426849 -0.00258419 0.00628714 0.00274189 0.00398647 0.00368185 0.00647666 -0.00466700 0.00088345 0.00510375 -0.00286234 0.01110389 -0.00105760 -0.00283258 -0.00420656 0.00204823 0.00069262 -0.00640178 -0.00050514 -0.00246726 -0.00177198 0.00057501 0.00132550 
0.03484578 -0.00434201 -0.02580900 0.04996597 0.00561302 0.03753364 -0.01889303 0.00218534 -0.00573098 -0.03583568 -0.00005005 0.01106034 -0.05642875 0.00320146 -0.00968129 -0.00028074 -0.00837118 -0.00039652 0.00056924 0.00496503 0.00440523 -0.00333457 -0.00885570 -0.00375432 0.00053521 -0.00114029 -0.00108704 0.01163694 -0.00502755 -0.01164332 0.01172612 0.01701637 -0.00115443 0.00622988 0.00453398 0.00221001 -0.00556439 -0.01599151 0.00728728 -0.00912946 0.00828094 -0.00280724 0.00984871 -0.00532638 0.00009137 -0.00766253 -0.00772533 0.00608301 0.00333003 0.00774056 0.01196649 -0.00551960 0.03553131 -0.00562005 0.00606481 -0.01545891 -0.00535510 0.01702248 0.00222171 0.00039653 0.00024884 -0.00163229 -0.01091521 -0.00125278 -0.00246520 0.00442960 0.00237939 0.00202504 0.00417221 
-0.11455489 -0.00666912 0.02120235 -0.11818973 0.00860088 -0.01889303 0.09355172 -0.00239778 0.00451773 0.09904283 0.01667201 -0.02668474 0.10681696 -0.01881450 0.01852184 -0.00110549 0.00758090 -0.00256117 -0.01751714 -0.01779715 0.01596995 -0.01605645 0.02565703 -0.01886896 -0.00214583 0.00142007 0.00165683 -0.00505984 0.01275781 -0.01479160 0.00424979 -0.02851022 0.03135397 0.00625453 -0.00475235 -0.00592701 0.00745469 -0.01966196 -0.02536997 0.01502914 0.02977031 0.00875910 -0.00464200 -0.00031785 0.00550029 0.02023618 0.00540377 -0.01150708 -0.00768914 0.00517109 -0.01117098 0.02012179 -0.02962913 0.00644877 0.01178765 0.01357419 0.00568552 0.01316304 -0.00292923 0.00076594 0.00811186 0.00262530 0.00831488 -0.01454738 0.00192395 -0.00442275 -0.00417929 0.00248128 -0.00350430 
-0.01181133 -0.00536437 -0.00189177 0.02144623 -0.00522016 0.00218534 -0.00239778 0.00904867 -0.00232973 0.00722895 0.00131729 -0.00172006 -0.01381223 0.00194517 -0.00337465 0.00014022 -0.00033495 0.00046484 -0.00217651 -0.00087953 0.00111582 0.00120010 -0.00206401 -0.00068196 0.00014427 0.00377806 0.00053250 0.00478835 -0.00115555 0.00008041 -0.00090317 -0.00018288 0.00213949 0.00163417 0.00031107 -0.00069728 -0.00241949 -0.00079131 0.00585015 -0.00066748 0.00499202 -0.00224175 -0.00104963 -0.00264914 0.00136693 -0.00284415 0.00408519 0.00682735 -0.00244872 0.00438140 -0.00068792 -0.00402597 0.00860842 -0.00165274 0.00113222 -0.00348606 -0.00024782 0.00090793 0.00139564 0.00218994 -0.00112044 -0.00159611 -0.00036640 0.00013076 0.00000882 -0.00065430 -0.00045174 0.00036761 0.00009375 
0.00549633 0.00101731 -0.00522412 -0.01121947 0.00014747 -0.00573098 0.00451773 -0.00232973 0.00894304 -0.01242426 -0.00281797 0.00169307 -0.00264731 -0.00397542 0.00009405 0.00119504 0.00532469 -0.00167092 0.00270235 0.00042999 -0.00138866 -0.00079102 -0.00196758 0.00046475 0.00078360 0.00214788 0.00055817 -0.00247469 0.00036051 0.00173491 0.00210601 -0.00028745 -0.00211564 -0.00191498 -0.00943583 0.00068880 0.00073158 0.00616492 -0.00462425 0.00129324 0.00370666 -0.00219110 -0.00231697 -0.00118146 -0.00088539 0.00854335 0.00431242 -0.01146129 -0.00777040 0.00130541 -0.01151045 0.00765598 -0.00912651 0.00282805 -0.00632747 -0.01368042 0.00719834 -0.00351697 -0.00102760 -0.00132041 0.01139217 -0.00062468 -0.00194801 0.00084630 0.00062381 0.00222852 -0.00055043 -0.00148426 -0.00388402 
-0.23273545 -0.02738256 0.05565774 -0.14505036 0.00670873 -0.03583568 0.09904283 0.00722895 -0.01242426 0.48401914 0.02585603 -0.09116799 0.36070970 0.00766702 0.04208471 -0.01824758 0.00644848 0.00956257 -0.06420838 -0.03615568 0.05984639 -0.03988798 0.03672592 -0.05793938 -0.00733840 -0.00113538 -0.00524151 -0.04830347 0.02894562 -0.05957048 -0.03558878 -0.04295846 0.06581010 0.01767019 0.00176006 0.00679243 0.00759644 -0.02463729 -0.02350536 0.00919826 0.03252980 0.01531385 0.02880457 0.02505886 -0.00663119 -0.00997765 0.01277967 0.03901130 -0.02052364 0.01876192 -0.04412010 -0.00468730 -0.02788911 0.01202949 -0.00502722 0.04749933 -0.01879841 -0.00094222 0.00675254 -0.01050210 -0.02941576 -0.00710590 0.03171221 -0.01350621 0.00809997 -0.02225505 0.01483016 0.00061681 -0.00567586 
-0.04425961 0.00552978 0.01175127 -0.01353009 -0.00180286 -0.00005005 0.01667201 0.00131729 -0.00281797 0.02585603 0.04266687 -0.00936178 0.00376960 -0.00382754 0.00192970 -0.00038392 -0.00334604 -0.00049778 0.00148520 -0.00158232 0.00107729 0.00699110 0.00758811 0.00026935 -0.00021857 -0.00242763 0.00015932 -0.00219370 0.00414929 0.00163678 -0.00367198 -0.00289323 0.00119664 -0.00192789 0.00677464 -0.00453186 0.00558312 -0.00443504 -0.01065181 0.00633337 -0.00079389 0.00786116 0.00130071 0.00922598 0.00066302 0.00140041 -0.00245239 -0.01305368 0.00525025 0.00420811 0.01268270 0.00558242 -0.00795643 0.00024835 0.01031798 0.01761221 -0.00379180 0.00355190 -0.00133243 0.00329243 0.00273233 0.00320352 -0.00384031 -0.00421681 -0.00412255 -0.00400034 -0.00465493 0.00353188 0.00679043 
0.05981949 0.00434795 -0.01384913 0.03932063 0.00040406 0.01106034 -0.02668474 -0.00172006 0.00169307 -0.09116799 -0.00936178 0.02403676 -0.07491711 0.00063224 -0.01074159 0.00394767 -0.00236067 -0.00134287 0.01370918 0.01054100 -0.01182992 0.00796028 -0.00906449 0.00926679 0.00072498 -0.00017643 0.00074354 0.00986707 -0.00696969 0.01011143 0.00873771 0.00905832 -0.01090997 0.00054983 -0.00057360 0.00029524 -0.00243180 0.00202350 0.00656286 -0.00457108 -0.00477174 -0.00421720 -0.00228519 -0.00489406 0.00025822 -0.00100515 -0.00458470 -0.00416655 0.00231358 -0.00095288 0.00759484 -0.00156419 0.01101144 -0.00167034 -0.00361812 -0.00859322 -0.00158941 0.00317480 -0.00042666 0.00230012 0.00409148 0.00098770 -0.01074270 0.00270938 -0.00160553 0.00460057 -0.00248890 -0.00015669 0.00187155 
-0.18114330 -0.01413053 0.05431441 -0.23544844 0.01869137 -0.05642875 0.10681696 -0.01381223 -0.00264731 0.36070970 0.00376960 -0.07491711 0.49236168 -0.01453481 0.06529510 -0.01856550 0.01920116 0.01223282 -0.04691437 -0.02256652 0.05390160 -0.05759780 0.04275637 -0.05934491 -0.00990971 -0.00316375 -0.00441100 -0.05248155 0.02488209 -0.04047717 -0.04144417 -0.05044698 0.07259096 0.00591977 0.01119870 0.01263873 0.00804230 -0.01680881 -0.03154130 0.01528772 0.02669342 0.02381457 0.02256035 0.02080474 -0.01479352 0.00560423 0.00885083 0.02566554 -0.01223095 0.01539418 -0.03953187 -0.00750885 -0.04901298 0.01395814 -0.00645077 0.05477925 -0.01415551 -0.00763602 0.00411409 -0.00931535 -0.02343319 0.00092397 0.03360005 -0.02359532 0.01202829 -0.01815737 0.01221797 -0.00557208 -0.01608568 
0.00326204 -0.00080935 0.00172955 0.03283185 0.00392852 0.00320146 -0.01881450 0.00194517 -0.00397542 0.00766702 -0.00382754 0.00063224 -0.01453481 0.03551079 -0.00845164 0.00063155 -0.00524794 0.00132792 -0.00643932 0.00460094 -0.00172283 0.00011142 -0.00562779 0.00920658 0.00233985 -0.00214441 -0.00132886 0.00040107 0.00013608 0.00627887 -0.00783811 0.01239775 -0.01483347 -0.00460907 0.00767375 0.00167205 -0.00295988 0.00202570 0.00644612 -0.00682431 -0.00887580 -0.00489843 0.00034950 0.00720155 -0.00320282 -0.00856559 0.00466883 0.01745514 -0.00103934 -0.00457330 -0.01499470 -0.00684249 0.02319664 -0.01397340 -0.01008008 -0.00169268 0.00268165 0.00467529 0.00271949 0.00219962 -0.00274009 -0.00133996 -0.00370299 -0.00288573 -0.00169265 -0.00562586 -0.00518865 0.00002450 0.00761508 
-0.02670997 0.00050302 0.01112902 -0.04552358 0.00138584 -0.00968129 0.01852184 -0.00337465 0.00009405 0.04208471 0.00192970 -0.01074159 0.06529510 -0.00845164 0.01543949 -0.00235687 0.00345110 0.00147778 -0.00543921 -0.00250089 0.00495013 -0.00996214 0.00755638 -0.00723563 -0.00129698 -0.00075565 -0.00007946 -0.00748556 0.00265615 -0.00173838 -0.00252913 -0.00757248 0.00806528 -0.00228305 0.00308387 0.00178809 0.00232187 -0.00038369 -0.00609625 0.00378645 0.00200912 0.00472835 0.00088828 0.00155915 -0.00122919 0.00479658 0.00387850 0.00157237 -0.00061783 0.00054222 -0.00524863 0.00185863 -0.00972469 -0.00131125 0.00224405 0.01026903 0.00185897 -0.00241846 -0.00066086 -0.00250527 -0.00490899 0.00178895 0.00746906 -0.00577002 0.00147870 -0.00371867 0.00041691 -0.00072900 -0.00094959 
0.01173849 0.00075777 -0.00115584 0.00793101 0.00030179 -0.00028074 -0.00110549 0.00014022 0.00119504 -0.01824758 -0.00038392 0.00394767 -0.01856550 0.00063155 -0.00235687 0.01688152 0.00022175 0.00006245 0.00799805 -0.00303105 -0.00578249 0.00770711 -0.00139002 0.00316328 -0.00058567 -0.00037305 -0.00017555 -0.00020144 0.00499651 0.00510697 0.00053127 0.00585209 -0.00412997 0.00732649 0.00102797 0.00077824 0.00412725 -0.00122178 -0.00669105 0.00332641 0.00189616 0.00411598 0.00208149 -0.00052121 -0.00245782 0.00484816 -0.00113598 -0.01169962 0.00060553 -0.00106578 0.00338187 0.00765063 -0.01419638 0.00341780 -0.00363645 0.01437002 -0.00486942 -0.00239184 0.00292081 -0.01070463 -0.00126509 -0.00229110 0.00709222 -0.00213482 -0.00225578 -0.00040086 -0.00360918 0.00094719 0.00461782 
-0.00763759 -0.00271038 0.00035246 -0.01719865 -0.00170973 -0.00837118 0.00758090 -0.00033495 0.00532469 0.00644848 -0.00334604 -0.00236067 0.01920116 -0.00524794 0.00345110 0.00022175 0.01117336 -0.00403350 0.00088201 -0.00165591 0.00195466 -0.00111106 -0.00056384 -0.00209220 0.00166081 0.00349912 -0.00130031 -0.00648105 0.00387832 0.00137937 -0.00260851 -0.00354497 0.00174496 -0.00346095 -0.00901667 0.00284543 0.00452543 0.02000663 -0.01427984 0.00510512 -0.00251372 0.00499272 0.00068599 0.00053521 -0.00259628 0.01434024 0.01208032 -0.02013101 -0.00276627 0.00134519 -0.00707651 0.00995689 -0.01894644 0.00460721 -0.00263355 -0.00748527 0.00977856 -0.01243519 -0.00017458 -0.00047249 0.00893626 0.00028362 -0.00172779 0.00094783 0.00030093 0.00148014 0.00005003 -0.00183208 -0.00291853 
0.00196156 -0.00004423 -0.00188576 -0.00235282 0.00328025 -0.00039652 -0.00256117 0.00046484 -0.00167092 0.00956257 -0.00049778 -0.00134287 0.01223282 0.00132792 0.00147778 0.00006245 -0.00403350 0.01173876 -0.00471074 0.00167894 0.00212473 -0.00271419 0.00133581 -0.00080152 -0.00032541 -0.00152144 0.00342797 0.00221016 -0.00265954 -0.00078162 -0.00236152 0.00125640 0.00188579 0.00067841 0.01072272 0.00300490 -0.00024572 -0.00329989 0.00551360 0.00088362 -0.00525848 0.01366847 0.00401648 -0.00417147 -0.00190489 -0.00747546 -0.00184268 0.01307908 0.01115982 -0.00301607 0.01455561 -0.00632612 0.00707588 -0.00414910 0.00283824 0.01316088 -0.00832229 0.00753953 0.00147254 0.00107876 -0.00717543 0.00024093 0.00051602 -0.00226884 -0.00167406 -0.00507238 -0.00199405 0.00212351 0.00413362 
0.03807140 0.00725660 0.00176128 0.02508772 -0.00726415 0.00056924 -0.01751714 -0.00217651 0.00270235 -0.06420838 0.00148520 0.01370918 -0.04691437 -0.00643932 -0.00543921 0.00799805 0.00088201 -0.00471074 0.07443757 -0.00438447 -0.03314043 0.04736642 0.00233691 0.01060846 0.00041330 -0.00040381 -0.00025538 -0.01165653 -0.00242140 0.01089071 -0.00759856 0.00031284 -0.00370156 0.01263792 -0.00246644 -0.00780515 -0.00217065 0.01233149 0.01307260 -0.00165477 -0.01268911 -0.01634532 -0.00615533 0.00973534 0.00296363 -0.00574030 -0.00764745 -0.00700310 0.00040746 -0.00096542 0.00745882 -0.00789463 -0.01292295 0.01144484 -0.00034957 0.00976702 -0.00456463 -0.00906773 -0.00066735 -0.00000231 0.00276661 0.00032318 -0.00378850 0.00450083 -0.00040112 0.00641718 0.00226955 -0.00247148 -0.00030217 
0.03150850 0.00252956 -0.00789131 0.01872392 0.00115031 0.00496503 -0.01779715 -0.00087953 0.00042999 -0.03615568 -0.00158232 0.01054100 -0.02256652 0.00460094 -0.00250089 -0.00303105 -0.00165591 0.00167894 -0.00438447 0.02235320 -0.00269340 -0.00642107 -0.01258621 0.00451681 0.00170143 0.00075472 0.00096930 0.00840321 -0.01168342 0.01007172 0.00513445 0.00771131 -0.01017475 -0.00352235 -0.00172698 0.00075415 -0.00470569 0.00163179 0.01313318 -0.00566023 -0.00318342 -0.00681807 -0.00229831 -0.00487085 0.00149608 -0.00529332 0.00771708 0.02103270 -0.00206843 -0.00525131 -0.01273605 -0.01412087 0.02728893 -0.01544406 -0.00775714 -0.02455313 0.01055051 0.00064300 0.00022899 0.00134478 0.00127238 -0.00126032 -0.00237113 -0.00055168 0.00124320 0.00229381 -0.00201417 -0.00248893 -0.00393413 
-0.02762050 -0.01009670 -0.00959598 -0.02078168 0.00614387 0.00440523 0.01596995 0.00111582 -0.00138866 0.05984639 0.00107729 -0.01182992 0.05390160 -0.00172283 0.00495013 -0.00578249 0.00195466 0.00212473 -0.03314043 -0.00269340 0.03479520 -0.01987072 0.00597637 -0.01788550 0.00068581 0.00029333 -0.00138539 0.00099889 0.00680620 -0.02940617 0.00269848 -0.00702126 0.02193528 0.00429650 -0.00114919 0.00415899 0.00266239 -0.00571548 -0.01403258 0.00470874 0.00792015 0.01537491 0.01163907 -0.00112657 -0.00318315 0.00418000 -0.00423690 -0.00817572 0.00540217 0.00464419 0.00889857 0.00943329 0.00024729 0.00273519 0.00882321 -0.01085159 -0.00111347 0.00457415 0.00314876 0.00272007 0.00458375 -0.00356902 -0.00238551 0.00121553 0.00035302 -0.00259224 0.00159370 0.00270359 0.00041090 
0.02509154 0.00578286 0.00439682 0.03456778 -0.01072947 -0.00333457 -0.01605645 0.00120010 -0.00079102 -0.03988798 0.00699110 0.00796028 -0.05759780 0.00011142 -0.00996214 0.00770711 -0.00111106 -0.00271419 0.04736642 -0.00642107 -0.01987072 0.07412767 0.00252969 0.02449509 0.00221436 -0.00144949 0.00041787 -0.00549291 0.00108497 0.00457242 -0.01540928 0.00393897 -0.01054235 0.01224408 -0.00623857 -0.00794498 0.00082201 0.01528325 0.01149755 -0.00040878 -0.01867279 -0.01126857 -0.00409219 0.01080961 0.00467624 -0.01050548 -0.00864709 -0.00753116 0.00627303 -0.00624454 0.01332456 -0.00605739 -0.02068216 0.01254890 0.00080957 0.01357623 -0.00297487 -0.01082356 0.00015505 0.00376556 0.00224172 -0.00086622 -0.00386927 0.00676336 -0.00412562 0.00155522 -0.00101011 0.00151831 0.00704977 
-0.03492400 0.00191647 0.01694471 -0.03853259 0.00408205 -0.00885570 0.02565703 -0.00206401 -0.00196758 0.03672592 0.00758811 -0.00906449 0.04275637 -0.00562779 0.00755638 -0.00139002 -0.00056384 0.00133581 0.00233691 -0.01258621 0.00597637 0.00252969 0.04089828 -0.01200836 -0.00440071 -0.00177751 0.00119845 -0.00446561 0.00104117 -0.01366627 -0.00061394 -0.04125797 0.03612099 0.01446994 0.00297805 -0.00592258 0.00670424 -0.00311413 -0.01109399 0.01121845 -0.00178490 0.00664115 -0.00556162 0.00846501 0.00357827 0.01329034 -0.00830910 -0.02685892 0.00818309 0.00362242 0.02828898 0.02037666 -0.03084268 0.01606874 0.02116739 0.03279735 -0.01571457 -0.00165858 -0.00442226 -0.00564174 -0.01925214 0.00171607 0.01863015 -0.00179978 0.00447612 -0.00555250 0.00294662 0.00144330 -0.00150579 
0.02296063 0.00615586 0.00067708 0.01913927 -0.00486771 -0.00375432 -0.01886896 -0.00068196 0.00046475 -0.05793938 0.00026935 0.00926679 -0.05934491 0.00920658 -0.00723563 0.00316328 -0.00209220 -0.00080152 0.01060846 0.00451681 -0.01788550 0.02449509 -0.01200836 0.03527779 0.00279207 -0.00130961 0.00099730 0.00109377 -0.00235322 0.02253407 -0.00854464 0.02470341 -0.04621575 -0.01781001 0.00407348 -0.00225752 -0.00196368 0.00893435 0.00823149 -0.00370175 -0.01516094 -0.00399415 -0.00765154 -0.00045302 0.00187472 -0.00333867 0.00136801 0.00329193 0.00568680 -0.01503942 -0.00336725 -0.00346595 -0.00208559 -0.00891677 -0.00299384 0.00461404 0.01001043 -0.00045101 -0.00136781 0.00991947 0.01221026 0.00552989 -0.01308002 0.00146452 -0.00614973 -0.00238374 -0.00824158 0.00159408 0.01050533 
0.00235712 -0.00080266 -0.00333130 0.00501227 -0.00087303 0.00053521 -0.00214583 0.00014427 0.00078360 -0.00733840 -0.00021857 0.00072498 -0.00990971 0.00233985 -0.00129698 -0.00058567 0.00166081 -0.00032541 0.00041330 0.00170143 0.00068581 0.00221436 -0.00440071 0.00279207 0.00625886 -0.00030976 -0.00063119 -0.00290445 0.00141667 0.00244652 -0.00222466 0.00519010 -0.00509547 0.00140017 -0.00024940 0.00160755 0.00273253 0.01496121 -0.00393981 0.00122653 -0.01237770 0.00522778 0.00570930 -0.00043801 -0.00181037 0.00339533 0.00519486 -0.00924481 0.00704445 -0.00499412 0.00637202 0.00444742 -0.00049375 -0.00382492 0.00336661 -0.00352646 0.00554476 -0.00426846 0.00137717 0.00494382 0.00717545 -0.00026206 -0.00859094 0.00169212 -0.00198122 0.00032625 -0.00256843 0.00102884 0.00329081 
-0.00432199 -0.00335476 -0.00329180 0.00370106 -0.00292330 -0.00114029 0.00142007 0.00377806 0.00214788 -0.00113538 -0.00242763 -0.00017643 -0.00316375 -0.00214441 -0.00075565 -0.00037305 0.00349912 -0.00152144 -0.00040381 0.00075472 0.00029333 -0.00144949 -0.00177751 -0.00130961 -0.00030976 0.00559860 0.00031118 0.00284041 -0.00212289 0.00045201 0.00115699 -0.00153908 0.00164411 -0.00010143 -0.00501390 -0.00060730 -0.00276698 0.00067182 0.00400042 -0.00035680 0.00904587 -0.00590837 -0.00291536 -0.00293949 0.00122610 0.00234400 0.00566920 0.00257162 -0.00867146 0.00610160 -0.01038733 -0.00119143 0.00182523 0.00039597 -0.00220249 -0.01194880 0.00433413 -0.00179280 -0.00014787 0.00041654 0.00529541 -0.00134359 0.00066099 0.00028225 0.00123016 0.00126573 0.00026844 -0.00119800 -0.00383946 
-0.00034184 0.00097207 -0.00010419 -0.00271904 0.00022152 -0.00108704 0.00165683 0.00053250 0.00055817 -0.00524151 0.00015932 0.00074354 -0.00441100 -0.00132886 -0.00007946 -0.00017555 -0.00130031 0.00342797 -0.00025538 0.00096930 -0.00138539 0.00041787 0.00119845 0.00099730 -0.00063119 0.00031118 0.00333212 0.00297385 -0.00231594 0.00155493 0.00040221 -0.00177380 0.00026035 -0.00048742 0.00288455 -0.00050117 -0.00112814 -0.00310651 0.00518248 0.00055671 0.00066820 0.00065935 -0.00401727 -0.00094008 0.00162757 -0.00263667 0.00008663 0.00555210 0.00157417 -0.00135037 0.00391403 -0.00256492 0.00286515 -0.00126620 0.00134442 0.00213030 -0.00144955 0.00323436 0.00023791 0.00034825 -0.00245148 -0.00016570 0.00238534 -0.00119569 -0.00018292 -0.00124611 -0.00116982 0.00047279 -0.00002727 
0.01441105 -0.00129097 -0.00935070 0.02359875 0.00111515 0.01163694 -0.00505984 0.00478835 -0.00247469 -0.04830347 -0.00219370 0.00986707 -0.05248155 0.00040107 -0.00748556 -0.00020144 -0.00648105 0.00221016 -0.01165653 0.00840321 0.00099889 -0.00549291 -0.00446561 0.00109377 -0.00290445 0.00284041 0.00297385 0.02745750 -0.01150603 -0.00140505 0.01532742 0.00263950 0.00302243 -0.00003802 0.00198577 -0.00322990 -0.00858346 -0.02565629 0.01673139 -0.00560274 0.02060997 -0.00985647 -0.00814084 -0.00952181 0.00554170 -0.00941034 -0.00288730 0.02816484 -0.01030011 0.00693580 -0.01214565 -0.01421711 0.03288054 -0.00932533 -0.00211773 -0.02013181 0.00045073 0.01488652 -0.00122442 0.00030089 -0.00208624 -0.00118351 0.00405296 -0.00253329 0.00101146 0.00194339 -0.00099030 0.00023651 -0.00358517 
-0.01993542 -0.00069392 0.00504491 -0.01466294 0.00035885 -0.00502755 0.01275781 -0.00115555 0.00036051 0.02894562 0.00414929 -0.00696969 0.02488209 0.00013608 0.00265615 0.00499651 0.00387832 -0.00265954 -0.00242140 -0.01168342 0.00680620 0.00108497 0.00104117 -0.00235322 0.00141667 -0.00212289 -0.00231594 -0.01150603 0.02093457 -0.00448969 -0.00799169 0.00422523 0.00023166 0.00013782 0.00520378 0.00571659 0.00675838 0.00802215 -0.01831982 0.00381414 -0.00425388 0.01129368 0.00722910 0.00572939 -0.00711272 0.00263138 -0.00287051 -0.02065629 0.00688968 0.00455606 0.01204059 0.01087110 -0.02489253 0.01186650 0.00286677 0.02835888 -0.00623857 -0.00083862 0.00415807 -0.00198254 0.00283479 0.00124039 -0.00768060 -0.00032908 -0.00283716 0.00001380 -0.00156139 0.00214215 0.00809387 
0.01262176 0.00871080 0.01260141 0.00982026 -0.00555605 -0.01164332 -0.01479160 0.00008041 0.00173491 -0.05957048 0.00163678 0.01011143 -0.04047717 0.00627887 -0.00173838 0.00510697 0.00137937 -0.00078162 0.01089071 0.01007172 -0.02940617 0.00457242 -0.01366627 0.02253407 0.00244652 0.00045201 0.00155493 -0.00140505 -0.00448969 0.04840896 -0.00651494 0.01141370 -0.03717465 -0.01819109 0.00491085 0.00101821 0.00413484 0.01954425 0.00270958 -0.00049867 -0.01587526 -0.00433327 -0.01189824 -0.00127142 -0.00044891 0.00865795 0.01909923 -0.00609124 0.00277156 -0.00736523 -0.00192013 0.00241245 -0.00044301 -0.01451411 -0.00842724 0.01888590 0.00772523 -0.00717165 -0.00060605 -0.00035126 -0.00613874 0.00621598 0.00097839 -0.01040957 -0.00251770 -0.00476897 -0.01070753 -0.00245926 0.00479321 
0.01331211 -0.00336992 -0.01233735 0.00203162 0.00571953 0.01172612 0.00424979 -0.00090317 0.00210601 -0.03558878 -0.00367198 0.00873771 -0.04144417 -0.00783811 -0.00252913 0.00053127 -0.00260851 -0.00236152 -0.00759856 0.00513445 0.00269848 -0.01540928 -0.00061394 -0.00854464 -0.00222466 0.00115699 0.00040221 0.01532742 -0.00799169 -0.00651494 0.02676744 -0.00154362 0.01048777 0.00381248 -0.00799511 -0.00121010 -0.00343754 -0.02218054 -0.00180365 -0.00271551 0.02199621 -0.00390024 0.00097785 -0.01082284 0.00361502 0.00717505 -0.00743082 0.00553292 -0.01206351 0.00708998 -0.01649158 0.00242038 0.00958116 -0.00249842 -0.00678469 -0.02666975 0.00429806 0.00770087 -0.00526004 -0.00552219 -0.00087011 -0.00054662 0.00537630 -0.00002186 0.00274843 0.00454673 0.00268320 -0.00110495 -0.00741174 
0.03968246 -0.00152021 -0.02283839 0.03841776 -0.00000393 0.01701637 -0.02851022 -0.00018288 -0.00028745 -0.04295846 -0.00289323 0.00905832 -0.05044698 0.01239775 -0.00757248 0.00585209 -0.00354497 0.00125640 0.00031284 0.00771131 -0.00702126 0.00393897 -0.04125797 0.02470341 0.00519010 -0.00153908 -0.00177380 0.00263950 0.00422523 0.01141370 -0.00154362 0.06962494 -0.05727412 -0.02298834 0.01058845 0.00797716 -0.00882391 -0.00927221 0.00648248 -0.01262353 0.00426504 0.00750535 0.01750392 -0.01163422 -0.00773344 -0.01904490 -0.00541540 0.03016772 0.00106099 -0.00394850 -0.02176474 -0.02514683 0.03305612 -0.02134446 -0.01610179 -0.02897280 0.02033456 0.01022653 0.00549670 0.01162696 0.02905813 0.00114952 -0.03260193 0.00344688 -0.01176193 0.00246551 -0.00748902 0.00349442 0.01576044 
-0.03274546 -0.00574290 0.00720150 -0.02337156 0.00383128 -0.00115443 0.03135397 0.00213949 -0.00211564 0.06581010 0.00119664 -0.01090997 0.07259096 -0.01483347 0.00806528 -0.00412997 0.00174496 0.00188579 -0.00370156 -0.01017475 0.02193528 -0.01054235 0.03612099 -0.04621575 -0.00509547 0.00164411 0.00026035 0.00302243 0.00023166 -0.03717465 0.01048777 -0.05727412 0.08923697 0.04019243 -0.00718080 -0.00191633 0.00282188 -0.00895894 -0.00660697 0.00810758 0.01411308 0.00169177 0.00477311 0.00569485 0.00111860 0.00300622 -0.00873500 -0.00535137 -0.00551101 0.02080491 0.01268822 0.00545995 -0.01354078 0.02366662 0.01016275 0.00597148 -0.02176800 -0.00304807 -0.00265169 -0.01369488 -0.02685277 -0.00763585 0.02615870 0.00270218 0.01150054 0.00482160 0.01480809 -0.00201651 -0.01793379 
0.00704739 0.00064046 -0.00124387 0.01565053 -0.00074112 0.00622988 0.00625453 0.00163417 -0.00191498 0.01767019 -0.00192789 0.00054983 0.00591977 -0.00460907 -0.00228305 0.00732649 -0.00346095 0.00067841 0.01263792 -0.00352235 0.00429650 0.01224408 0.01446994 -0.01781001 0.00140017 -0.00010143 -0.00048742 -0.00003802 0.00013782 -0.01819109 0.00381248 -0.02298834 0.04019243 0.07488274 -0.00636450 -0.00249315 -0.00067573 -0.00652398 0.02103945 -0.00090156 0.00240038 -0.02628631 0.02208649 0.00977437 0.00127121 -0.01251124 -0.00933689 0.00942667 -0.01405040 0.00970071 -0.00187641 -0.00080133 -0.00355673 0.01441122 0.00022895 0.01472221 -0.01955052 -0.00172763 0.00495616 -0.02512940 -0.02198297 -0.00932406 0.02331185 0.00089408 0.00704909 0.00822069 0.00981200 -0.00133965 -0.00951314 
-0.00404795 0.00465176 0.00748771 -0.00547954 0.00590764 0.00453398 -0.00475235 0.00031107 -0.00943583 0.00176006 0.00677464 -0.00057360 0.01119870 0.00767375 0.00308387 0.00102797 -0.00901667 0.01072272 -0.00246644 -0.00172698 -0.00114919 -0.00623857 0.00297805 0.00407348 -0.00024940 -0.00501390 0.00288455 0.00198577 0.00520378 0.00491085 -0.00799511 0.01058845 -0.00718080 -0.00636450 0.06978952 -0.00032877 -0.00058946 -0.01298322 0.00452354 0.00284567 -0.01247754 0.02408941 0.00511489 0.02927410 -0.01645152 -0.01449036 -0.00494596 0.01965341 0.02684290 0.00535362 0.03993315 -0.00135434 0.03385673 -0.02066947 0.01600823 0.03662518 -0.01559264 0.02972022 0.00059338 0.00706403 -0.01109558 0.00695876 -0.01250840 -0.01404157 -0.00697121 -0.01106960 -0.01215002 0.00584601 0.02220956 
0.00845011 -0.00224496 -0.00528023 0.00371652 0.00266911 0.00221001 -0.00592701 -0.00069728 0.00068880 0.00679243 -0.00453186 0.00029524 0.01263873 0.00167205 0.00178809 0.00077824 0.00284543 0.00300490 -0.00780515 0.00075415 0.00415899 -0.00794498 -0.00592258 -0.00225752 0.00160755 -0.00060730 -0.00050117 -0.00322990 0.00571659 0.00101821 -0.00121010 0.00797716 -0.00191633 -0.00249315 -0.00032877 0.01619264 0.00415487 0.01333312 -0.01353369 -0.00170136 -0.00668157 0.01301510 0.01201597 -0.00449730 -0.00488581 0.00605746 0.00789953 -0.00986759 0.00284579 0.00454648 -0.00122828 0.00493063 -0.00182085 -0.00113643 -0.00580078 0.00810184 -0.00233677 -0.00006445 0.00179671 -0.00130788 0.00141282 0.00190839 -0.00991343 -0.00375754 -0.00206050 -0.00062305 -0.00011962 -0.00006531 0.00354524 
-0.01114690 0.00018228 0.00567838 -0.01499789 0.00229478 -0.00556439 0.00745469 -0.00241949 0.00073158 0.00759644 0.00558312 -0.00243180 0.00804230 -0.00295988 0.00232187 0.00412725 0.00452543 -0.00024572 -0.00217065 -0.00470569 0.00266239 0.00082201 0.00670424 -0.00196368 0.00273253 -0.00276698 -0.00112814 -0.00858346 0.00675838 0.00413484 -0.00343754 -0.00882391 0.00282188 -0.00067573 -0.00058946 0.00415487 0.02034466 0.02662093 -0.03460821 0.01423691 -0.02036300 0.02823259 0.00484850 0.00418869 -0.00456983 0.02525386 0.01356332 -0.04889820 0.02160073 -0.00754240 0.03183305 0.03052895 -0.01925672 -0.00368400 0.01256773 0.01899339 0.00403244 -0.00876116 0.00028100 -0.00028750 -0.00233665 0.00363399 -0.00538204 -0.00626220 -0.00374458 -0.00545280 -0.00587884 0.00236904 0.00854265 
0.01849099 0.00260467 0.00474896 0.01761678 -0.01078332 -0.01599151 -0.01966196 -0.00079131 0.00616492 -0.02463729 -0.00443504 0.00202350 -0.01680881 0.00202570 -0.00038369 -0.00122178 0.02000663 -0.00329989 0.01233149 0.00163179 -0.00571548 0.01528325 -0.00311413 0.00893435 0.01496121 0.00067182 -0.00310651 -0.02565629 0.00802215 0.01954425 -0.02218054 -0.00927221 -0.00895894 -0.00652398 -0.01298322 0.01333312 0.02662093 0.12250918 -0.04592209 0.01692801 -0.08828809 0.04089386 0.00748981 0.00770228 -0.01061579 0.03579285 0.05774285 -0.08199258 0.03748456 -0.03440648 0.04447116 0.03590000 -0.05736806 0.00846244 0.00879070 0.02747826 0.00889267 -0.04801915 0.00427772 0.00482413 0.01313284 0.00330500 -0.02065673 0.00649251 -0.00660883 -0.00307987 -0.00473752 0.00059063 0.01232712 
0.03050728 0.00736247 -0.00296662 0.04125044 -0.00950898 0.00728728 -0.02536997 0.00585015 -0.00462425 -0.02350536 -0.01065181 0.00656286 -0.03154130 0.00644612 -0.00609625 -0.00669105 -0.01427984 0.00551360 0.01307260 0.01313318 -0.01403258 0.01149755 -0.01109399 0.00823149 -0.00393981 0.00400042 0.00518248 0.01673139 -0.01831982 0.00270958 -0.00180365 0.00648248 -0.00660697 0.02103945 0.00452354 -0.01353369 -0.03460821 -0.04592209 0.10424543 -0.02813365 0.02381968 -0.08104341 -0.02053719 -0.00525527 0.01378443 -0.06426223 -0.02048603 0.10629925 -0.04008186 0.00779630 -0.03969428 -0.05852379 0.04334978 0.00656765 -0.01483365 -0.01660731 -0.01797073 0.00810593 0.00150336 -0.01538464 -0.02708787 -0.01046987 0.03964376 0.01090038 0.01288667 0.01343798 0.01391840 -0.00810395 -0.02222188 
-0.02180150 -0.00120856 0.00720649 -0.02656758 0.00102231 -0.00912946 0.01502914 -0.00066748 0.00129324 0.00919826 0.00633337 -0.00457108 0.01528772 -0.00682431 0.00378645 0.00332641 0.00510512 0.00088362 -0.00165477 -0.00566023 0.00470874 -0.00040878 0.01121845 -0.00370175 0.00122653 -0.00035680 0.00055671 -0.00560274 0.00381414 -0.00049867 -0.00271551 -0.01262353 0.00810758 -0.00090156 0.00284567 -0.00170136 0.01423691 0.01692801 -0.02813365 0.02028974 -0.01281634 0.02936005 -0.00056482 0.00367935 -0.00031951 0.02031162 0.00583506 -0.03724984 0.02304585 -0.01185326 0.03410194 0.02348026 -0.02072903 -0.00097192 0.02190233 0.00573705 0.00930131 -0.00611319 0.00039750 0.00132649 0.00220849 0.00110898 0.00178983 -0.00139944 -0.00329262 -0.00502568 -0.00574404 0.00324463 0.00533466 
-0.03194516 -0.01020475 -0.01053200 -0.02427587 0.00548495 0.00828094 0.02977031 0.00499202 0.00370666 0.03252980 -0.00079389 -0.00477174 0.02669342 -0.00887580 0.00200912 0.00189616 -0.00251372 -0.00525848 -0.01268911 -0.00318342 0.00792015 -0.01867279 -0.00178490 -0.01516094 -0.01237770 0.00904587 0.00066820 0.02060997 -0.00425388 -0.01587526 0.02199621 0.00426504 0.01411308 0.00240038 -0.01247754 -0.00668157 -0.02036300 -0.08828809 0.02381968 -0.01281634 0.09757149 -0.03965250 -0.00549882 -0.01375227 0.00719634 -0.00791186 -0.02707022 0.04806557 -0.05431982 0.05082612 -0.06869094 -0.01693303 0.03937813 -0.00498122 -0.01889678 -0.05317224 0.01014541 0.03051832 -0.00474907 -0.00408833 0.00816832 -0.00381984 0.01003410 -0.00927603 0.00767291 0.00604783 0.00408438 -0.00424213 -0.01820838 
-0.00947862 -0.00686616 -0.00460506 -0.02235288 0.01063453 -0.00280724 0.00875910 -0.00224175 -0.00219110 0.01531385 0.00786116 -0.00421720 0.02381457 -0.00489843 0.00472835 0.00411598 0.00499272 0.01366847 -0.01634532 -0.00681807 0.01537491 -0.01126857 0.00664115 -0.00399415 0.00522778 -0.00590837 0.00065935 -0.00985647 0.01129368 -0.00433327 -0.00390024 0.00750535 0.00169177 -0.02628631 0.02408941 0.01301510 0.02823259 0.04089386 -0.08104341 0.02936005 -0.03965250 0.11297754 0.02897871 -0.00866322 -0.01670599 0.03568495 0.00904493 -0.06585159 0.07449465 -0.02018546 0.08697665 0.03017289 -0.01613828 -0.01604874 0.03164304 0.02008029 0.01145143 0.00679562 0.00186371 0.02712229 0.02163101 0.00962414 -0.04720004 -0.00303891 -0.01750573 -0.01758644 -0.01695223 0.01374199 0.03172959 
0.01077501 -0.00634115 -0.01239428 0.01311796 0.00465885 0.00984871 -0.00464200 -0.00104963 -0.00231697 0.02880457 0.00130071 -0.00228519 0.02256035 0.00034950 0.00088828 0.00208149 0.00068599 0.00401648 -0.00615533 -0.00229831 0.01163907 -0.00409219 -0.00556162 -0.00765154 0.00570930 -0.00291536 -0.00401727 -0.00814084 0.00722910 -0.01189824 0.00097785 0.01750392 0.00477311 0.02208649 0.00511489 0.01201597 0.00484850 0.00748981 -0.02053719 -0.00056482 -0.00549882 0.02897871 0.05627277 -0.00472045 -0.01445118 0.00263915 -0.01151706 -0.01284094 0.01173024 0.01246921 0.01006453 0.00551723 -0.00778474 0.00246407 -0.00112643 0.00269065 -0.00331836 0.00042762 -0.00070242 0.00343286 0.00828570 0.00323197 -0.02122034 0.00476854 -0.00357199 0.00070661 0.00368752 0.00237266 0.00674179 
-0.01298115 0.00576918 0.01467743 -0.00791450 -0.00087402 -0.00532638 -0.00031785 -0.00264914 -0.00118146 0.02505886 0.00922598 -0.00489406 0.02080474 0.00720155 0.00155915 -0.00052121 0.00053521 -0.00417147 0.00973534 -0.00487085 -0.00112657 0.01080961 0.00846501 -0.00045302 -0.00043801 -0.00293949 -0.00094008 -0.00952181 0.00572939 -0.00127142 -0.01082284 -0.01163422 0.00569485 0.00977437 0.02927410 -0.00449730 0.00418869 0.00770228 -0.00525527 0.00367935 -0.01375227 -0.00866322 -0.00472045 0.05004937 -0.00899274 0.00138007 0.00633640 -0.01134274 -0.00202506 0.00248925 0.00016792 0.01263669 -0.00282253 -0.00161164 -0.00222004 0.02053941 -0.00758492 -0.00114641 -0.00040077 -0.00407008 -0.00846862 0.00176485 0.00550998 -0.00880745 -0.00072548 -0.00529755 -0.00230796 -0.00080759 0.00524955 
-0.00807246 0.00009154 0.00388780 -0.00223471 -0.00274381 0.00009137 0.00550029 0.00136693 -0.00088539 -0.00663119 0.00066302 0.00025822 -0.01479352 -0.00320282 -0.00122919 -0.00245782 -0.00259628 -0.00190489 0.00296363 0.00149608 -0.00318315 0.00467624 0.00357827 0.00187472 -0.00181037 0.00122610 0.00162757 0.00554170 -0.00711272 -0.00044891 0.00361502 -0.00773344 0.00111860 0.00127121 -0.01645152 -0.00488581 -0.00456983 -0.01061579 0.01378443 -0.00031951 0.00719634 -0.01670599 -0.01445118 -0.00899274 0.01678823 -0.00499212 -0.00424328 0.01108456 -0.00553209 -0.00920681 -0.00504355 -0.01027869 -0.00012377 0.00305514 0.00654342 -0.01073057 0.00439079 -0.00433194 0.00028149 -0.00073417 -0.00272385 -0.00353731 0.01397807 0.00476026 0.00270737 0.00286245 0.00332485 -0.00071940 -0.00868551 
-0.02240887 -0.00689379 -0.00217974 -0.03618542 0.00590546 -0.00766253 0.02023618 -0.00284415 0.00854335 -0.00997765 0.00140041 -0.00100515 0.00560423 -0.00856559 0.00479658 0.00484816 0.01434024 -0.00747546 -0.00574030 -0.00529332 0.00418000 -0.01050548 0.01329034 -0.00333867 0.00339533 0.00234400 -0.00263667 -0.00941034 0.00263138 0.00865795 0.00717505 -0.01904490 0.00300622 -0.01251124 -0.01449036 0.00605746 0.02525386 0.03579285 -0.06426223 0.02031162 -0.00791186 0.03568495 0.00263915 0.00138007 -0.00499212 0.07475683 0.02556781 -0.09395394 0.01749552 0.00054236 0.01617967 0.07707911 -0.03950620 -0.01492847 0.01446159 -0.00104993 0.02552583 -0.01135533 -0.00773702 0.00432189 0.01276515 0.00828753 -0.01382396 -0.01746761 -0.00323504 -0.01072966 -0.01360028 0.00105497 0.00734607 
-0.01782819 0.00049995 0.00530142 -0.00653915 -0.00426849 -0.00772533 0.00540377 0.00408519 0.00431242 0.01277967 -0.00245239 -0.00458470 0.00885083 0.00466883 0.00387850 -0.00113598 0.01208032 -0.00184268 -0.00764745 0.00771708 -0.00423690 -0.00864709 -0.00830910 0.00136801 0.00519486 0.00566920 0.00008663 -0.00288730 -0.00287051 0.01909923 -0.00743082 -0.00541540 -0.00873500 -0.00933689 -0.00494596 0.00789953 0.01356332 0.05774285 -0.02048603 0.00583506 -0.02707022 0.00904493 -0.01151706 0.00633640 -0.00424328 0.02556781 0.07583263 -0.01844448 -0.00061251 -0.01450463 -0.01286614 0.02253581 0.01226536 -0.02330808 -0.00250769 0.01476086 0.01224150 0.00210309 0.00380827 -0.00282018 0.01104153 0.00360888 -0.00782380 -0.02699026 -0.00349442 -0.01197189 -0.01249041 -0.00066244 0.00962553 
0.00366072 0.00225966 0.00408880 0.02019193 -0.00258419 0.00608301 -0.01150708 0.00682735 -0.01146129 0.03901130 -0.01305368 -0.00416655 0.02566554 0.01745514 0.00157237 -0.01169962 -0.02013101 0.01307908 -0.00700310 0.02103270 -0.00817572 -0.00753116 -0.02685892 0.00329193 -0.00924481 0.00257162 0.00555210 0.02816484 -0.02065629 -0.00609124 0.00553292 0.03016772 -0.00535137 0.00942667 0.01965341 -0.00986759 -0.04889820 -0.08199258 0.10629925 -0.03724984 0.04806557 -0.06585159 -0.01284094 -0.01134274 0.01108456 -0.09395394 -0.01844448 0.20796126 -0.04914246 0.00263357 -0.10460031 -0.11383425 0.07870923 -0.01565072 -0.04000679 -0.02277318 -0.00718457 0.03990947 -0.00176116 -0.00956438 -0.02200951 -0.00522687 0.02853552 0.00379769 0.01060172 0.00775869 0.01448987 -0.00648508 -0.01885061 
0.01183114 0.00030749 -0.00159149 0.00235313 0.00628714 0.00333003 -0.00768914 -0.00244872 -0.00777040 -0.02052364 0.00525025 0.00231358 -0.01223095 -0.00103934 -0.00061783 0.00060553 -0.00276627 0.01115982 0.00040746 -0.00206843 0.00540217 0.00627303 0.00818309 0.00568680 0.00704445 -0.00867146 0.00157417 -0.01030011 0.00688968 0.00277156 -0.01206351 0.00106099 -0.00551101 -0.01405040 0.02684290 0.00284579 0.02160073 0.03748456 -0.04008186 0.02304585 -0.05431982 0.07449465 0.01173024 -0.00202506 -0.00553209 0.01749552 -0.00061251 -0.04914246 0.09167499 -0.03218821 0.11339358 0.02066770 -0.00577621 -0.01828077 0.06347404 0.04368358 0.01128541 0.00162894 0.00308304 0.01758219 -0.00307291 0.00776615 -0.01875822 0.00382533 -0.01055790 -0.00891767 -0.01030322 0.01024338 0.02112572 
-0.01159119 -0.00566591 -0.00728024 0.00188428 0.00274189 0.00774056 0.00517109 0.00438140 0.00130541 0.01876192 0.00420811 -0.00095288 0.01539418 -0.00457330 0.00054222 -0.00106578 0.00134519 -0.00301607 -0.00096542 -0.00525131 0.00464419 -0.00624454 0.00362242 -0.01503942 -0.00499412 0.00610160 -0.00135037 0.00693580 0.00455606 -0.00736523 0.00708998 -0.00394850 0.02080491 0.00970071 0.00535362 0.00454648 -0.00754240 -0.03440648 0.00779630 -0.01185326 0.05082612 -0.02018546 0.01246921 0.00248925 -0.00920681 0.00054236 -0.01450463 0.00263357 -0.03218821 0.07002032 -0.02549967 -0.00179881 0.02881957 -0.00308640 -0.01263027 -0.00919093 -0.00840441 0.00907522 -0.00288034 0.00174077 0.00088092 0.00123372 -0.01589523 -0.00749754 0.00412197 0.00389239 0.00265811 -0.00239892 -0.00482257 
