69
69
7.23848680 -4.32219205 1.03776596 -1.52791112 -1.37292446 -0.10276484 2.64109231 3.10758665 -0.96521141 0.97502817 3.33065787 -1.63483592 -0.03814132 1.52101942 -0.71085897 -1.26419047 -1.08885225 0.31710088 0.07646598 -2.69243096 0.94866776 -0.55297777 0.08904280 0.12025560 0.49490516 0.39004651 0.24971061 0.39053001 1.25279979 1.70477655 -0.10574419 -0.58186741 -0.08971447 -0.09839933 0.30801476 -0.72066659 0.10349910 0.04155878 -0.13662689 0.54315711 -0.39988191 -0.17795608 -0.32791265 -0.21076287 0.90368087 0.34663521 0.32998284 0.35474204 -0.40376973 0.33610651 -0.53288469 0.28584076 0.06228819 0.14446322 0.41279681 -0.20405759 0.34441357 -0.05980528 0.52698537 0.50917496 -0.32399780 0.40465793 0.23088827 -0.25545075 -0.17287097 -0.13600788 0.30781907 0.17375243 0.01730433 
-4.32219205 19.13474140 -2.99783610 1.38957067 2.96203679 0.04535092 -0.89295407 2.32616544 -1.73443583 0.81530611 -4.81708341 1.28623300 0.20663194 -0.37247265 0.35961812 0.45551324 0.70905519 -0.17481697 1.30008578 1.96042269 1.58585262 0.65832693 -1.53827519 0.80946711 0.22685382 0.98597847 -0.44921213 0.59289705 -1.35189269 -0.71945586 1.65323565 0.90697093 -0.00890623 0.03758148 0.47134758 -0.05727666 -0.19151904 0.36261119 -0.35942599 0.58694830 0.57933005 0.40659720 -0.08784708 -0.30209809 0.18883170 1.57565716 -0.76149810 -0.82689582 1.05206214 0.52783073 -0.41827588 -1.29786286 -0.57946773 0.27857618 0.40543021 -0.50207165 -1.42397570 -0.45263282 -0.56572209 -0.55133141 0.03427327 0.09749176 -0.11855501 -0.28487207 -0.69875521 0.56083287 -0.83548234 -0.51226975 -0.81340069 
1.03776596 -2.99783610 13.64899001 0.81255043 1.12287906 2.93307602 0.77715235 0.87985132 4.17623366 -1.08284535 -0.00784395 -0.61993011 0.20826888 -0.85447127 -1.44644536 -0.24042982 0.04027431 1.88943470 0.37495134 0.48575907 3.19889645 -0.25430398 -0.76320661 0.42002837 1.71190189 1.23438168 0.75778316 -1.63573111 -1.28860655 -2.13927371 0.40022463 2.60843349 -0.39073359 0.51192324 -0.72826062 0.17020015 -0.69382640 -0.11810260 1.39470876 -0.18339388 0.59902256 0.36051941 -0.71227795 -0.31919782 -1.36813435 1.89592386 0.65419017 -0.72737096 0.79849382 0.57262869 0.34438418 -0.26204244 0.15752922 0.11577023 -0.82607306 0.01418801 -0.08940464 1.24709117 -0.26487180 -0.60698112 -0.15585313 -0.35716363 -0.44427019 1.10719002 0.87121791 -1.23520976 1.04975419 0.51972456 -0.87058858 
-1.52791112 1.38957067 0.81255043 6.52002558 4.10924108 -1.54601247 2.20539925 -3.26944782 1.19410954 -0.32890432 -0.81261084 0.54492679 1.35667728 -2.34773663 1.57905357 -0.23066538 1.79781816 0.35798545 0.07791775 0.16327777 0.45196173 -0.06644686 0.44632391 0.31546614 0.47518304 -0.75153499 0.35868906 -0.61557124 -0.52596948 -0.90780227 1.50873983 0.16171680 -1.31193150 -0.32016214 0.44517263 -0.21826963 0.43878068 0.29261907 0.42769187 1.21661550 -0.21439319 0.01170280 -0.60106531 -0.10521511 0.47152212 0.12613834 -0.49672386 -0.16812100 -0.35917642 0.52814055 -0.41228025 -0.26597845 -0.18452587 -0.53669056 0.28703819 0.19721944 0.00374063 0.19512799 0.07318599 0.28042759 0.12357704 0.23197481 0.65231189 0.02749017 -0.41916135 -0.22372159 -0.45789493 0.24363045 0.22330922 
-1.37292446 2.96203679 1.12287906 4.10924108 21.86028451 -2.79143606 -0.27708500 2.67213564 -0.20849776 -0.18444720 -0.24216426 0.19830434 0.12045264 -5.86433061 2.65964417 0.01532009 0.64124187 -0.92474659 -0.08840462 -1.32064705 0.32971334 0.41860534 0.07369827 0.11882307 0.35712509 0.93560825 0.35452676 -0.19637660 0.88647431 0.89571079 -1.00971421 -0.29916891 0.06471159 -0.63950040 -0.24401413 -0.39262578 -0.48612252 0.78003407 0.59262133 0.29378265 0.08795355 -0.88258191 0.44881064 0.35683712 0.29598869 -1.20491311 0.24006227 0.41216381 -1.45777361 -0.89358938 -0.21249797 0.88678277 0.02397005 -0.33451341 0.29189615 -0.03709562 1.23191772 -0.85092854 0.77064174 0.87050711 0.60067011 -0.08135404 0.46379619 1.36772163 0.16742002 -1.14625102 0.56386092 0.79617945 1.71474658 
-0.10276484 0.04535092 2.93307602 -1.54601247 -2.79143606 12.97684120 -0.92406534 0.88633437 3.70066575 -0.15223574 -0.82714907 -0.73609956 0.63734092 -0.07629657 -1.26006188 0.61197748 0.50154101 0.87068154 -0.27751360 -0.09255690 0.13470851 0.55069308 0.04152702 1.70422232 0.28184780 0.66410284 0.26808195 -0.25590592 1.79462334 1.46863623 -0.19798823 -2.30475625 -0.09867366 -0.07258824 -0.31399399 -0.17913765 0.58615482 0.19827265 0.35859868 1.29055184 -0.20332925 1.29793872 -0.17825709 -0.26589085 -0.93696492 -1.09962312 -0.47789793 0.44933122 0.04634281 -0.01606446 -0.60235777 0.71345652 0.08475495 -0.14152725 -1.09243506 0.45187443 0.74232998 -0.24172443 -0.28029733 0.29439126 0.55542568 -0.41276926 0.21872028 1.43839902 1.58696649 -1.31892177 -1.87022351 -0.24156931 -1.84564330 
2.64109231 -0.89295407 0.77715235 2.20539925 -0.27708500 -0.92406534 9.53882128 0.58701010 -1.32451159 -0.12660834 0.31284144 0.31355000 0.09397810 0.87377505 0.07706899 -0.67884082 -0.22032742 0.81140933 0.46384253 -0.12272682 1.10352995 -0.39658395 -0.76119598 -0.36905725 -0.96489126 0.06083092 -1.10684152 -1.04008353 -1.99338580 -0.20060616 0.14439235 0.56945799 -1.55915727 -0.52458291 -0.41383484 0.98093693 0.42439504 0.54382613 0.89833958 0.81028054 -1.51934387 0.29184707 -0.77999341 0.75185794 -0.61352465 0.22936160 -0.94675840 -0.25987252 -0.38995667 1.48348753 -0.53027108 -0.42274002 -0.01796052 -0.31121059 0.80868938 -0.20170062 -0.43273797 0.23569397 0.02279838 0.00289567 -0.59414999 0.15427093 0.32175522 0.32591550 -0.24653554 -1.30568827 0.45438639 -0.24818843 0.16277430 
3.10758665 2.32616544 0.87985132 -3.26944782 2.67213564 0.88633437 0.58701010 26.49670861 1.00090741 -0.22185417 0.42130055 -0.02172238 0.44828513 1.09839394 0.13835395 -0.87814422 -2.58299313 -0.20988884 -0.12433405 0.00622920 -0.71093776 -0.05382510 -0.06142250 -0.44317558 0.01337170 -2.49635807 -0.60959636 -0.88224395 0.26039776 -0.25944104 0.64926295 0.65694733 -0.25396591 -0.38568502 -1.37704596 -0.43981597 0.94789125 -0.54545188 -0.95985191 -0.75296294 -1.64048760 -0.77735923 0.13077163 1.20659712 -0.16023648 -0.40661957 -0.64142625 -0.02325641 0.22235259 0.24793662 0.09172085 0.25755585 -0.36379142 0.33852001 -0.19963944 -0.33375773 0.42663955 -0.12145017 -0.25981998 -0.52190246 0.18883125 0.13579777 -0.33274253 -0.38990076 0.18370867 -0.02106299 0.71289447 0.11588483 0.03452816 
-0.96521141 -1.73443583 4.17623366 1.19410954 -0.20849776 3.70066575 -1.32451159 1.00090741 24.10428799 0.09892829 -0.28293571 0.05410879 0.90915442 -0.33176215 0.54132795 0.23203800 -0.95472734 -2.81908678 -0.22488675 0.42430734 0.29701099 0.33165260 -0.05791330 1.15802779 -0.42484028 -0.86971883 -1.89714159 1.84895550 -0.33083385 -0.76303398 0.07030969 -0.08094505 -0.26561188 0.32991058 1.32673093 -0.29495741 1.24431478 -0.17486006 -0.94128208 -0.80873643 -1.21933214 -0.21632663 0.38449829 -1.29351276 1.42868664 0.16430374 -0.77960712 1.48308947 0.62252235 0.43139477 0.87952003 -0.00932019 0.12089884 -0.66180203 0.16684462 0.13858651 -0.92685144 -0.05177932 -0.43351516 0.88282709 -0.51695330 -0.20523656 0.88540153 -0.40268070 -0.18698174 0.84641775 0.00664678 0.38746641 1.10896743 
0.97502817 0.81530611 -1.08284535 -0.32890432 -0.18444720 -0.15223574 -0.12660834 -0.22185417 0.09892829 3.39918878 -0.07276140 1.51690848 -0.86726704 0.01728592 0.13081664 -0.07578849 -0.00629265 -0.47962074 0.92305388 -0.10459012 0.18867705 -0.43963451 -0.13862477 1.02717721 -0.00188653 0.07899405 0.03322742 2.12925370 0.20698172 1.20528795 0.22225451 0.26341771 0.51965850 0.09369549 0.55895435 -0.32199885 -0.55082040 0.22239045 -0.23159044 0.31959030 -0.51491322 -0.35071404 -0.47788695 -0.56080860 0.16140661 0.18281314 -0.58365057 -0.36668073 0.02897827 -0.00621679 0.17959315 -0.19713524 -0.15973713 0.09183515 0.04142030 -0.07364142 0.22463630 -0.24734534 -0.21640359 0.03387888 0.28796463 0.43140022 0.07572669 -0.89163892 -0.01536264 0.43149409 -0.18071197 -0.13015733 -0.15415924 
3.33065787 -4.81708341 -0.00784395 -0.81261084 -0.24216426 -0.82714907 0.31284144 0.42130055 -0.28293571 -0.07276140 9.35019096 1.37159440 0.41648633 1.36237885 0.21708976 -0.23843805 0.59487941 -0.04684295 -0.79889033 -4.28133079 -0.55853187 -0.44566066 -0.43186563 0.17463155 0.51623578 0.38402333 0.30353632 -0.13503891 0.88777528 0.33882758 0.41072859 -1.56908496 -0.25042701 0.28112084 0.40437097 0.47284666 -0.06099842 0.55026703 0.26328301 -0.64935512 0.54746222 -0.41029824 -0.18606613 -0.69057160 0.05924831 0.55763463 0.49806482 1.22229842 -0.12844454 -0.96260290 -0.08637455 0.62181383 0.39977626 0.07870168 0.18904537 -0.14931550 0.37848513 -0.30957914 1.04132287 0.66432740 -0.15919660 -0.26002083 -0.01638788 0.26434969 0.88104878 -0.59630888 0.94495521 -0.14810958 0.27990857 
-1.63483592 1.28623300 -0.61993011 0.54492679 0.19830434 -0.73609956 0.31355000 -0.02172238 0.05410879 1.51690848 1.37159440 19.26167904 0.28788643 -0.41042859 2.33376200 0.47834830 -0.83755609 0.56649056 -0.97820042 -3.91842812 0.38110307 -0.25698313 0.25621736 0.08047888 1.13792521 0.00006405 -0.48980133 -0.83114006 0.28596437 -1.22879415 -1.26267817 0.11591366 -0.62439782 -0.41064174 -0.22016424 -0.57246869 -0.28319764 0.03578966 0.26920212 0.22123763 -0.56154101 0.32728851 0.13916506 0.02119873 -0.13080652 0.24606866 0.59009223 0.63309127 -0.12767220 0.07694220 -0.21544127 -0.50026464 -0.40794617 -0.62534038 0.55049622 -0.34866093 0.03590528 -0.67017023 -0.44613464 0.35800388 0.15047318 -0.95696804 0.25479323 -1.34077307 1.27362048 -0.74029404 0.51067566 -0.59240362 -0.83771522 
-0.03814132 0.20663194 0.20826888 1.35667728 0.12045264 0.63734092 0.09397810 0.44828513 0.90915442 -0.86726704 0.41648633 0.28788643 3.64890893 -0.15561174 -1.57055649 0.38950285 -0.28434605 -0.17429487 -0.12533557 -0.50292420 -0.97553680 0.42150936 -0.50259750 0.66372175 0.58788922 0.03283958 0.67233430 0.83229147 0.50582309 -0.39195871 2.99624522 -0.37562834 -1.10982309 0.09545218 -0.21846448 -0.37535276 0.25120451 0.74947015 0.30092366 0.20703771 -0.26798328 -0.05189979 -0.46633711 0.14967749 0.67361484 0.01006992 -0.15110452 -0.13588800 -0.00088106 0.50186775 -0.00400694 0.18118782 0.18315426 0.00548080 0.21855495 -0.02917733 0.09056957 0.40795848 -0.39630108 0.05464464 -0.22773462 0.02210207 0.25308906 1.21978923 -0.20841349 -0.24716605 -0.44695199 0.36836586 0.80315838 
1.52101942 -0.37247265 -0.85447127 -2.34773663 -5.86433061 -0.07629657 0.87377505 1.09839394 -0.33176215 0.01728592 1.36237885 -0.41042859 -0.15561174 11.59011249 3.10831671 -1.15573143 0.59419830 -0.35836981 0.50256741 -0.66260454 -0.41984160 0.50981378 -3.13527641 0.04051201 -1.10691584 0.74172603 0.31652602 0.58669759 -1.45154343 -0.90708376 1.79967076 -0.66751161 0.25643051 0.79581277 0.45839106 0.01284624 -0.22594281 -0.31154335 0.07767890 0.19854394 0.63359084 0.50459566 -0.41917187 -0.80696960 0.24963228 1.07444150 -0.02314655 -0.64185900 -0.18544317 0.17681875 1.52062998 -0.50135257 -0.50686393 0.32624296 -0.04064307 0.02428521 -0.53614498 0.34563428 0.07092191 -0.80561871 -0.19538661 0.32654352 -0.86081904 -0.89085499 -0.49599901 1.44500058 1.51362620 0.47511019 -1.12716801 
-0.71085897 0.35961812 -1.44644536 1.57905357 2.65964417 -1.26006188 0.07706899 0.13835395 0.54132795 0.13081664 0.21708976 2.33376200 -1.57055649 3.10831671 20.91098024 -1.13952039 0.40371280 -0.77738163 -0.28854878 -1.09952393 -1.09200490 0.66478916 -2.06023002 0.34179726 -0.21550293 0.57010095 -0.33122608 1.89108646 -0.86082630 -1.07583860 -2.16933566 -0.50081211 -0.20091598 0.68432955 -0.41886571 -0.91730587 0.04289928 -0.48071195 -0.59348773 0.42220272 0.91889406 -0.01227575 -0.06106910 0.51661841 0.42650142 -0.09690893 0.41989439 -0.26029345 0.50807935 -0.26354868 0.74593089 0.61048407 -0.14877241 -0.09796124 -0.89785877 0.17595439 -0.87820751 0.88002004 0.76927964 -0.39832483 -0.06525480 -0.51935612 -0.83582652 1.97642142 -0.28271373 0.93517939 -0.19509323 0.42785213 -2.00656194 
-1.26419047 0.45551324 -0.24042982 -0.23066538 0.01532009 0.61197748 -0.67884082 -0.87814422 0.23203800 -0.07578849 -0.23843805 0.47834830 0.38950285 -1.15573143 -1.13952039 13.50422077 0.39629723 -0.77134997 -0.55648060 -0.04117200 0.61379817 -0.68422673 0.28493260 0.33620426 1.11723529 0.10476419 0.42840713 -0.47339525 -1.68976469 -0.58850959 0.69403628 -1.64126265 -0.27861524 -1.94529828 -1.21241227 0.37928540 -0.32453999 1.05247481 0.40858043 -1.64530055 -1.39396630 -0.64666306 0.78013902 1.32436022 0.27419865 -0.70675400 -0.67263061 1.07387197 0.01093021 0.73148900 0.39122952 -0.18745117 0.47578984 0.45004970 0.83224354 -0.49729448 0.51762286 0.05164360 -0.76737832 -0.25492288 -0.53316601 0.73235302 -1.14510110 -0.23114159 -0.47171813 -1.39645157 0.50752109 1.01941797 -0.71436028 
-1.08885225 0.70905519 0.04027431 1.79781816 0.64124187 0.50154101 -0.22032742 -2.58299313 -0.95472734 -0.00629265 0.59487941 -0.83755609 -0.28434605 0.59419830 0.40371280 0.39629723 25.68332919 1.91834882 -0.49687873 -0.16561885 -0.83403911 -0.02365510 0.90239460 0.00372843 0.31463135 -3.38894613 0.32605092 0.38798813 -1.27459419 -0.00108458 1.33555827 -0.05991760 -0.39838158 0.22534840 -0.04865252 -0.31927604 1.38258533 -3.98251046 0.43065037 -1.94619940 -2.28705966 -0.03149482 -0.11325573 -0.05823509 1.07696572 -0.74309819 -0.98630456 0.57184102 -0.03969565 -0.68483635 0.81064697 0.30891342 0.43464445 -0.92068283 -0.04922912 0.32371070 -0.92506802 0.09492119 -0.41854314 -0.13943280 0.10789429 -0.41358135 -0.33549476 -0.45181476 0.33429369 -0.21653219 0.94467477 0.74634538 0.26947076 
0.31710088 -0.17481697 1.88943470 0.35798545 -0.92474659 0.87068154 0.81140933 -0.20988884 -2.81908678 -0.47962074 -0.04684295 0.56649056 -0.17429487 -0.35836981 -0.77738163 -0.77134997 1.91834882 22.36507232 0.03933650 -0.04857562 0.57280346 -0.08933411 -0.39745208 0.02049190 0.21232979 0.64398603 -4.70754221 -1.81504030 2.31953445 -0.12602697 1.19961046 0.37819502 -0.06951774 -0.70448681 -0.37592842 -3.27002270 -0.93712521 0.81041161 -3.77868461 -0.20030408 1.00358085 -4.61378968 0.19295448 1.00974407 0.55082647 1.30248163 0.26713933 -0.32885875 -0.89471312 -0.31791352 0.03430410 -0.62946461 0.10774568 0.49422359 0.56828444 -0.29362663 0.64444075 0.23346316 -0.06426385 -0.10344294 -0.05125088 0.30214095 -0.18718625 0.72784930 0.81986469 0.67747445 -0.03479265 0.24832432 0.73763143 
0.07646598 1.30008578 0.37495134 0.07791775 -0.08840462 -0.27751360 0.46384253 -0.12433405 -0.22488675 0.92305388 -0.79889033 -0.97820042 -0.12533557 0.50256741 -0.28854878 -0.55648060 -0.49687873 0.03933650 8.04393928 0.47154835 5.05029285 -2.48835912 -0.92818399 2.10805929 -0.06103415 -0.16032170 0.23168779 2.85914198 -0.29949612 1.52613520 0.28747212 -0.25316742 -0.06701179 0.04937578 -0.11880154 0.64474155 -0.06375646 -0.38937505 -0.43146945 -0.34708453 -0.14866311 0.08598496 -0.10613958 -0.43649992 -0.51146714 -0.21792888 0.43162534 -0.45183847 -0.04318518 0.24587947 0.05380905 0.09459887 -0.20350391 0.08139612 -0.01226110 -0.14024939 0.08737928 0.28412985 -0.78381668 -0.11323480 -0.39687030 0.00347218 0.26722543 0.71982653 -0.70637710 0.19155076 -0.25062239 1.39893105 0.11085442 
-2.69243096 1.96042269 0.48575907 0.16327777 -1.32064705 -0.09255690 -0.12272682 0.00622920 0.42430734 -0.10459012 -4.28133079 -3.91842812 -0.50292420 -0.66260454 -1.09952393 -0.04117200 -0.16561885 -0.04857562 0.47154835 16.11324351 -2.97669190 0.46402669 0.77105533 -0.55253686 -1.24368091 -0.14464562 -0.32704060 -0.16525498 1.19352198 -3.34126006 -1.27976441 2.45183155 0.76971787 0.26422466 0.36868341 -0.01606082 -0.26851302 -0.12798940 -0.47908223 0.30517666 0.49726916 -0.10473619 -0.50816284 -0.29842020 -0.35476443 -0.09042889 -1.25742068 -1.95931304 -0.14084624 0.45261784 0.68722462 0.03704401 -0.02250184 0.44385392 -0.78579331 0.58062823 -0.17578793 0.50653881 -1.34025234 -0.56126629 0.29365699 0.59599573 0.43988054 -0.20278004 -1.20633026 -0.24632707 1.43117280 1.09935451 0.75024504 
0.94866776 1.58585262 3.19889645 0.45196173 0.32971334 0.13470851 1.10352995 -0.71093776 0.29701099 0.18867705 -0.55853187 0.38110307 -0.97553680 -0.41984160 -1.09200490 0.61379817 -0.83403911 0.57280346 5.05029285 -2.97669190 19.23672573 -0.39537544 0.72690728 1.23792970 -0.55928284 -0.48489978 0.59315515 -1.76247253 -3.32882265 6.99919669 -0.19236395 0.81051059 -0.21227810 0.02516796 0.81236277 -0.51947024 -0.44613624 -0.38483906 -0.07756116 -0.57550920 -0.08768346 0.71234583 -0.49535590 -0.73010370 0.39565518 0.68583225 0.98423024 0.35917204 -0.69790471 0.27240138 -0.62276224 -0.46125474 0.06158883 0.23776410 -0.08279469 0.33418864 0.27366049 0.31999074 -0.64339188 -0.25416047 -0.34431943 -0.44771221 -0.48312448 -0.14450961 -0.71698418 1.41993547 0.85315175 0.36719515 -1.23432889 
-0.55297777 0.65832693 -0.25430398 -0.06644686 0.41860534 0.55069308 -0.39658395 -0.05382510 0.33165260 -0.43963451 -0.44566066 -0.25698313 0.42150936 0.50981378 0.66478916 -0.68422673 -0.02365510 -0.08933411 -2.48835912 0.46402669 -0.39537544 7.40100035 0.28067453 -4.19883035 -0.55684283 0.20716384 -0.15952103 -0.80907838 0.06726715 0.63493694 1.64529670 -0.19244535 -1.38372211 -0.29556947 1.36857732 0.45666909 -0.64652473 -0.16144757 -0.20194940 0.58940689 0.40407968 0.09207507 0.04748473 -0.97818029 -0.43486333 0.68791246 0.36103414 0.05640345 -0.62662651 -0.86212774 -0.05237525 0.30426002 0.33101691 -0.29041872 -0.06914620 0.32467102 -0.30169678 0.08899458 0.93286949 0.05138906 0.07215018 -0.13909824 -0.39239048 1.10387626 0.84058775 0.21701637 0.12122626 -0.33420905 -1.04730104 
0.08904280 -1.53827519 -0.76320661 0.44632391 0.07369827 0.04152702 -0.76119598 -0.06142250 -0.05791330 -0.13862477 -0.43186563 0.25621736 -0.50259750 -3.13527641 -2.06023002 0.28493260 0.90239460 -0.39745208 -0.92818399 0.77105533 0.72690728 0.28067453 15.41675650 -4.30130866 1.24922544 -0.16364716 -0.27481101 0.07891194 1.85047883 2.64020801 -1.10250810 4.32301330 -2.25739269 -1.39604953 -1.22606029 -0.11092841 1.65876877 0.57201212 0.01408903 0.85176007 0.26720723 -0.35023793 0.91866734 1.10512400 -0.21395010 -1.71712758 0.13804426 2.12004154 1.22785740 -0.80029800 -1.05512520 1.36102209 0.59550300 -0.74449600 -1.20174534 0.21555858 -0.55500755 -0.89497846 1.24991428 0.79829674 0.74297893 -0.92899993 -0.38928465 -1.47751176 -0.51695701 1.25125802 -0.41416392 -0.80594756 -2.71451914 
0.12025560 0.80946711 0.42002837 0.31546614 0.11882307 1.70422232 -0.36905725 -0.44317558 1.15802779 1.02717721 0.17463155 0.08047888 0.66372175 0.04051201 0.34179726 0.33620426 0.00372843 0.02049190 2.10805929 -0.55253686 1.23792970 -4.19883035 -4.30130866 19.76919947 0.65789721 -0.04524209 0.13660765 -0.95185808 0.57154062 -0.95693931 2.83500018 -1.41642602 6.66621655 0.23978562 -0.41114375 -0.50262885 -0.06563007 0.00441910 -0.24923200 0.65142122 0.86313168 0.39284957 0.05996910 0.01090303 0.01956759 -0.27807253 0.56361101 -0.24013373 -0.54648785 0.72475238 0.94953055 -0.40339428 -0.01745184 0.26370027 0.68905711 -0.30664214 -0.52849295 -0.52063278 0.18318097 -0.38305940 -0.27127328 -0.28656799 -0.10442492 -0.97674565 0.13762592 -0.43650385 -0.42264760 -0.25536504 -0.41574549 
0.49490516 0.22685382 1.71190189 0.47518304 0.35712509 0.28184780 -0.96489126 0.01337170 -0.42484028 -0.00188653 0.51623578 1.13792521 0.58788922 -1.10691584 -0.21550293 1.11723529 0.31463135 0.21232979 -0.06103415 -1.24368091 -0.55928284 -0.55684283 1.24922544 0.65789721 23.03708491 0.34490727 0.41487852 0.00242269 -0.67927159 -1.08193705 0.03512675 -1.30444317 -0.92082334 -0.86459405 -1.00619620 0.48373777 0.02591879 -1.16220308 -0.55286214 0.61823783 2.15214436 0.95641170 -1.51071870 0.92858677 -0.06421786 -0.23594479 0.21314913 0.93093539 -0.12194181 0.22252196 0.27769053 -0.04454617 -0.02129939 0.38556912 -0.31806377 0.03859555 -0.34482236 0.21491527 -0.28620164 -0.83698327 -0.19042201 0.20648798 -0.27400151 -0.65148673 -0.23640252 -0.34230403 1.43068472 -0.18160083 -0.14019613 
0.39004651 0.98597847 1.23438168 -0.75153499 0.93560825 0.66410284 0.06083092 -2.49635807 -0.86971883 0.07899405 0.38402333 0.00006405 0.03283958 0.74172603 0.57010095 0.10476419 -3.38894613 0.64398603 -0.16032170 -0.14464562 -0.48489978 0.20716384 -0.16364716 -0.04524209 0.34490727 27.78357746 -0.10724907 -0.09801961 0.56646130 -0.11195181 0.70400457 0.76635198 0.37915263 -0.38065505 -1.10164623 0.14215390 1.97510142 -1.82802256 -1.31679415 -1.86688532 -2.95286821 -0.64137997 0.35353818 0.79846339 -0.56037667 -1.20865758 -1.36041067 -0.13484925 1.36803445 -0.77960012 0.03020967 0.60625976 0.15777614 -0.11945058 -0.41836540 0.07259044 -0.19729833 -0.04001015 -0.16787630 -0.16883207 -0.13843719 -0.23392583 -0.24576605 -0.70455666 0.30546533 0.52199478 0.78984250 -0.01737808 0.37795659 
0.24971061 -0.44921213 0.75778316 0.35868906 0.35452676 0.26808195 -1.10684152 -0.60959636 -1.89714159 0.03322742 0.30353632 -0.48980133 0.67233430 0.31652602 -0.33122608 0.42840713 0.32605092 -4.70754221 0.23168779 -0.32704060 0.59315515 -0.15952103 -0.27481101 0.13660765 0.41487852 -0.10724907 28.20479761 -0.78452735 0.99654788 -0.42457865 0.68126046 0.67413371 -0.03167758 -0.04952464 0.03492511 -2.05301041 0.42847476 0.51012562 -1.97358247 -0.01880491 -0.41056130 -1.63445026 1.04533573 -1.13391954 -0.58672122 0.91948442 -0.19471550 0.40995898 -0.06795893 0.19725867 -0.25484930 0.03671309 0.42069620 0.23015046 0.21634972 -0.09633393 -0.43289879 -0.01451680 -0.28380819 0.09048533 -0.00822512 0.11626122 0.08387309 0.39458755 0.70748876 0.33035375 -0.03574620 -0.01399958 0.56014155 
0.39053001 0.59289705 -1.63573111 -0.61557124 -0.19637660 -0.25590592 -1.04008353 -0.88224395 1.84895550 2.12925370 -0.13503891 -0.83114006 0.83229147 0.58669759 1.89108646 -0.47339525 0.38798813 -1.81504030 2.85914198 -0.16525498 -1.76247253 -0.80907838 0.07891194 -0.95185808 0.00242269 -0.09801961 -0.78452735 17.46866835 2.87572713 1.58755784 -1.08845406 0.33918405 -1.21549829 0.56238856 -0.70580710 -0.25487228 -0.28373963 1.35094815 -0.04753994 -0.34810120 -1.21146110 -1.11273685 0.15437384 0.57918513 -0.00763408 0.25346243 -1.61266755 -0.93756859 1.08493795 -0.41998837 0.68685131 0.47100515 -0.33899262 -0.05754155 -0.69058410 -0.06736610 0.39471207 0.55903133 -1.07575383 -0.58080611 0.24373351 -0.28402194 -0.43878927 1.14816800 0.01803291 -0.64922648 0.60921546 0.44007118 0.58272456 
1.25279979 -1.35189269 -1.28860655 -0.52596948 0.88647431 1.79462334 -1.99338580 0.26039776 -0.33083385 0.20698172 0.88777528 0.28596437 0.50582309 -1.45154343 -0.86082630 -1.68976469 -1.27459419 2.31953445 -0.29949612 1.19352198 -3.32882265 0.06726715 1.85047883 0.57154062 -0.67927159 0.56646130 0.99654788 2.87572713 20.23982483 1.62901464 0.98879084 -1.99207240 0.40609867 -0.47466920 -1.04898214 -3.64591066 -0.79077081 -0.54791106 2.48180284 1.14017266 -0.84215830 1.10196756 1.78564564 0.30796669 1.98796756 2.09650552 1.53482075 0.41437895 -0.86468471 -1.50269824 -1.41256469 -0.22789533 0.35747574 -1.44988228 1.14256012 -1.59826425 -1.65008220 -1.05923079 -1.06429250 1.26415513 -0.17766174 0.49928264 0.51922019 0.14589742 -0.95506874 -2.63670661 0.48452324 0.58398022 -0.90189198 
1.70477655 -0.71945586 -2.13927371 -0.90780227 0.89571079 1.46863623 -0.20060616 -0.25944104 -0.76303398 1.20528795 0.33882758 -1.22879415 -0.39195871 -0.90708376 -1.07583860 -0.58850959 -0.00108458 -0.12602697 1.52613520 -3.34126006 6.99919669 0.63493694 2.64020801 -0.95693931 -1.08193705 -0.11195181 -0.42457865 1.58755784 1.62901464 14.35753198 0.03883167 -0.32796116 1.82555376 0.01636649 -0.37351441 -0.66793254 -0.65353322 -0.61560126 0.10827904 -0.35485589 0.02402071 0.54546534 0.50212269 0.87244658 0.74870678 -1.03111226 0.18604505 0.55188827 -0.10118500 -1.44760700 -0.96540350 0.84601552 0.34529328 0.11583953 0.17197888 -0.34615668 0.24183656 -0.15496924 0.27978406 0.21803489 0.20475041 -0.39070794 -0.57216858 1.54497729 -0.31775256 0.59130668 1.42118212 0.48696709 1.04726274 
-0.10574419 1.65323565 0.40022463 1.50873983 -1.00971421 -0.19798823 0.14439235 0.64926295 0.07030969 0.22225451 0.41072859 -1.26267817 2.99624522 1.79967076 -2.16933566 0.69403628 1.33555827 1.19961046 0.28747212 -1.27976441 -0.19236395 1.64529670 -1.10250810 2.83500018 0.03512675 0.70400457 0.68126046 -1.08845406 0.98879084 0.03883167 18.07473523 -0.74067979 -1.77789871 -0.42608592 -0.24756330 0.13717609 -0.29110700 2.43923137 1.85137408 1.53063618 -0.14882592 -0.15003492 -0.93220787 0.95933794 -0.06173825 -0.74261695 -0.77470969 -0.50829338 0.47540135 0.72311134 0.67166540 -0.18125142 0.63909163 0.36184178 0.60917837 0.49642056 0.12585886 -0.09809719 0.49683100 -0.08040818 0.08898555 0.04296952 -0.32344845 -0.08116442 -0.43730040 0.10690092 -0.38832676 -0.07645181 0.13143465 
-0.58186741 0.90697093 2.60843349 0.16171680 -0.29916891 -2.30475625 0.56945799 0.65694733 -0.08094505 0.26341771 -1.56908496 0.11591366 -0.37562834 -0.66751161 -0.50081211 -1.64126265 -0.05991760 0.37819502 -0.25316742 2.45183155 0.81051059 -0.19244535 4.32301330 -1.41642602 -1.30444317 0.76635198 0.67413371 0.33918405 -1.99207240 -0.32796116 -0.74067979 15.50476172 3.51653982 1.24172787 -1.11661567 -2.07907999 -0.01096792 0.71471502 0.18877825 0.83081674 -1.11339624 -0.39946206 -2.38352778 1.16248019 1.70480792 2.92658510 -0.35601430 -0.90994106 0.48230413 0.95137522 0.91454053 -0.17887697 0.31403604 0.20937056 -0.65734037 0.40870882 -1.83487826 0.86501262 -0.79629784 -0.66253694 -0.04039707 -0.01255810 -0.68405569 -0.36184488 3.17766688 -0.43063803 0.16456104 -1.36833913 -2.57389308 
-0.08971447 -0.00890623 -0.39073359 -1.31193150 0.06471159 -0.09867366 -1.55915727 -0.25396591 -0.26561188 0.51965850 -0.25042701 -0.62439782 -1.10982309 0.25643051 -0.20091598 -0.27861524 -0.39838158 -0.06951774 -0.06701179 0.76971787 -0.21227810 -1.38372211 -2.25739269 6.66621655 -0.92082334 0.37915263 -0.03167758 -1.21549829 0.40609867 1.82555376 -1.77789871 3.51653982 12.04037562 -1.28314932 0.54420625 -0.93736665 0.07383009 -1.17303122 0.95841682 -0.66502064 0.18647215 -0.87817070 0.79177551 -0.23861513 1.02608640 0.82805507 0.48208445 -1.25835456 -0.28020257 -1.54632487 0.50204957 -0.37426831 -0.00772840 0.29316935 -0.39437262 0.22537834 0.77070180 -0.23418360 0.56481087 -0.89476218 0.81559425 1.22891634 -0.44911860 -0.59261109 -0.05740356 -0.81512115 0.57271640 -0.72906663 0.66661531 
-0.09839933 0.03758148 0.51192324 -0.32016214 -0.63950040 -0.07258824 -0.52458291 -0.38568502 0.32991058 0.09369549 0.28112084 -0.41064174 0.09545218 0.79581277 0.68432955 -1.94529828 0.22534840 -0.70448681 0.04937578 0.26422466 0.02516796 -0.29556947 -1.39604953 0.23978562 -0.86459405 -0.38065505 -0.04952464 0.56238856 -0.47466920 0.01636649 -0.42608592 1.24172787 -1.28314932 7.72245888 1.09417019 0.16978565 -1.74829941 -0.10212806 -1.43424236 -1.76133438 0.51086978 1.59163785 -3.66144339 -1.57432504 -0.10223187 -0.14180994 0.31857654 -0.87948809 0.65564720 0.50438759 0.12602187 0.04351822 -0.19263828 0.24397622 -0.25415056 -0.31523579 -0.11130643 -0.06525003 -1.42235613 0.53996534 0.22650304 0.68499503 0.54357368 0.69898701 0.67854036 -1.10573031 0.06726157 -1.26448241 0.23364231 
0.30801476 0.47134758 -0.72826062 0.44517263 -0.24401413 -0.31399399 -0.41383484 -1.37704596 1.32673093 0.55895435 0.40437097 -0.22016424 -0.21846448 0.45839106 -0.41886571 -1.21241227 -0.04865252 -0.37592842 -0.11880154 0.36868341 0.81236277 1.36857732 -1.22606029 -0.41114375 -1.00619620 -1.10164623 0.03492511 -0.70580710 -1.04898214 -0.37351441 -0.24756330 -1.11661567 0.54420625 1.09417019 11.68506188 -1.08405581 1.22996232 1.47856112 -2.20873672 -0.66879577 1.83020361 -2.38886096 -0.50237659 -6.10316799 3.72225741 -0.64462895 -0.11442455 -1.74636629 0.07329372 -1.22465152 -1.36664957 0.05921843 -0.36498816 0.77392828 -0.91046464 0.34678316 1.55622565 -0.55450788 1.15410936 0.01603315 0.82372158 0.08443265 -0.18089297 -0.63693332 0.19941442 -1.48613108 1.44479081 -0.10204651 -1.97170695 
-0.72066659 -0.05727666 0.17020015 -0.21826963 -0.39262578 -0.17913765 0.98093693 -0.43981597 -0.29495741 -0.32199885 0.47284666 -0.57246869 -0.37535276 0.01284624 -0.91730587 0.37928540 -0.31927604 -3.27002270 0.64474155 -0.01606082 -0.51947024 0.45666909 -0.11092841 -0.50262885 0.48373777 0.14215390 -2.05301041 -0.25487228 -3.64591066 -0.66793254 0.13717609 -2.07907999 -0.93736665 0.16978565 -1.08405581 15.31187699 -0.47995011 -1.28000278 1.43883849 1.02197226 1.09284125 -0.33155554 -1.07499158 1.02744543 -4.77985467 -0.77121726 -0.23920406 0.40209545 0.40489305 -1.44174621 1.02313944 -0.04129122 -0.01901112 0.07912979 0.02270231 -0.02409711 0.75088976 -0.33270267 -0.23955369 0.25774395 0.33966299 0.01807802 0.47935315 1.49785967 0.39388457 -1.32374239 -0.57045947 0.66724996 1.26456961 
0.10349910 -0.19151904 -0.69382640 0.43878068 -0.48612252 0.58615482 0.42439504 0.94789125 1.24431478 -0.55082040 -0.06099842 -0.28319764 0.25120451 -0.22594281 0.04289928 -0.32453999 1.38258533 -0.93712521 -0.06375646 -0.26851302 -0.44613624 -0.64652473 1.65876877 -0.06563007 0.02591879 1.97510142 0.42847476 -0.28373963 -0.79077081 -0.65353322 -0.29110700 -0.01096792 0.07383009 -1.74829941 1.22996232 -0.47995011 20.50989166 1.27006970 2.50166926 -3.54504445 1.48000161 -0.83035783 1.01191387 0.53390175 1.53361778 0.46102154 -2.23961324 1.73156753 0.20031332 -0.59167701 -1.14907832 -0.92160659 0.06910894 0.43396755 0.01488087 -0.12970424 -0.14579042 1.03455598 1.27358351 -0.31427615 0.12780613 -0.58878745 -0.20489748 1.32179648 -0.43234997 -1.06641144 -0.18381794 0.81987323 -0.03238515 
0.04155878 0.36261119 -0.11810260 0.29261907 0.78003407 0.19827265 0.54382613 -0.54545188 -0.17486006 0.22239045 0.55026703 0.03578966 0.74947015 -0.31154335 -0.48071195 1.05247481 -3.98251046 0.81041161 -0.38937505 -0.12798940 -0.38483906 -0.16144757 0.57201212 0.00441910 -1.16220308 -1.82802256 0.51012562 1.35094815 -0.54791106 -0.61560126 2.43923137 0.71471502 -1.17303122 -0.10212806 1.47856112 -1.28000278 1.27006970 14.76534096 -0.35823752 -0.56065136 8.44533129 -1.05120302 -0.66837101 0.51975421 1.39538352 -0.17841649 -5.83407056 1.04095485 -0.83807008 -1.44557750 0.11173072 -0.23434707 0.72098892 -1.00607920 0.50102057 0.47216421 -0.74704933 0.97471593 -0.56164320 0.15865675 -0.45165917 -0.40312501 0.32349477 -0.34914806 0.32578625 -0.23106246 -0.20540774 0.61993306 -0.13014513 
-0.13662689 -0.35942599 1.39470876 0.42769187 0.59262133 0.35859868 0.89833958 -0.95985191 -0.94128208 -0.23159044 0.26328301 0.26920212 0.30092366 0.07767890 -0.59348773 0.40858043 0.43065037 -3.77868461 -0.43146945 -0.47908223 -0.07756116 -0.20194940 0.01408903 -0.24923200 -0.55286214 -1.31679415 -1.97358247 -0.04753994 2.48180284 0.10827904 1.85137408 0.18877825 0.95841682 -1.43424236 -2.20873672 1.43883849 2.50166926 -0.35823752 15.52059947 1.42720739 0.29762535 7.02113905 0.70109842 2.78751811 0.02776888 3.03641773 0.31407276 -3.54379528 1.19579219 -0.61074963 -2.26139898 -1.15715211 0.17542793 0.25594457 -0.47128344 0.23894233 0.42263388 0.74196654 0.20796178 -1.00378057 0.37221824 0.32082297 -0.85743293 -0.35828579 -0.78884114 -1.14617690 1.98447930 0.81149785 0.57655948 
0.54315711 0.58694830 -0.18339388 1.21661550 0.29378265 1.29055184 0.81028054 -0.75296294 -0.80873643 0.31959030 -0.64935512 0.22123763 0.20703771 0.19854394 0.42220272 -1.64530055 -1.94619940 -0.20030408 -0.34708453 0.30517666 -0.57550920 0.58940689 0.85176007 0.65142122 0.61823783 -1.86688532 -0.01880491 -0.34810120 1.14017266 -0.35485589 1.53063618 0.83081674 -0.66502064 -1.76133438 -0.66879577 1.02197226 -3.54504445 -0.56065136 1.42720739 21.29937128 -1.69207437 -2.53608351 0.79579884 -0.95713175 -1.08221304 0.71375413 0.40724808 0.63043555 1.10372398 2.36278570 -1.09302501 0.41023460 0.85110662 0.04321275 -2.18444344 1.01782174 -0.81383558 0.07909665 0.85666061 0.55840215 0.99884287 -0.58799203 0.05433155 -0.72238643 0.73216958 1.07281098 1.87684260 -0.01763965 -1.14802761 
-0.39988191 0.57933005 0.59902256 -0.21439319 0.08795355 -0.20332925 -1.51934387 -1.64048760 -1.21933214 -0.51491322 0.54746222 -0.56154101 -0.26798328 0.63359084 0.91889406 -1.39396630 -2.28705966 1.00358085 -0.14866311 0.49726916 -0.08768346 0.40407968 0.26720723 0.86313168 2.15214436 -2.95286821 -0.41056130 -1.21146110 -0.84215830 0.02402071 -0.14882592 -1.11339624 0.18647215 0.51086978 1.83020361 1.09284125 1.48000161 8.44533129 0.29762535 -1.69207437 16.05814982 0.12878677 0.15377660 0.65666800 -0.59627531 -1.13980431 -1.18240488 -0.37945605 1.68758088 -5.03939850 0.17537852 0.40432698 0.28374094 -0.60540333 -0.26674883 0.41589036 -1.28659333 -0.18108086 0.44170755 -0.11060529 -0.22425426 -0.57960230 -0.25844403 0.98335446 -0.04988830 0.37520371 1.02013492 0.29993288 0.64044023 
-0.17795608 0.40659720 0.36051941 0.01170280 -0.88258191 1.29793872 0.29184707 -0.77735923 -0.21632663 -0.35071404 -0.41029824 0.32728851 -0.05189979 0.50459566 -0.01227575 -0.64666306 -0.03149482 -4.61378968 0.08598496 -0.10473619 0.71234583 0.09207507 -0.35023793 0.39284957 0.95641170 -0.64137997 -1.63445026 -1.11273685 1.10196756 0.54546534 -0.15003492 -0.39946206 -0.87817070 1.59163785 -2.38886096 -0.33155554 -0.83035783 -1.05120302 7.02113905 -2.53608351 0.12878677 14.36982668 -1.90068756 2.74288187 1.95276670 -0.44832738 0.11352590 -1.35996133 -3.19337699 0.52514437 -1.67797918 0.29144424 0.16621595 -0.26316517 0.85166768 0.62702877 -0.46217406 -0.60968687 -0.52827750 0.32493534 -0.47442219 -0.70066974 0.29883209 -1.65764303 2.16661589 1.42661673 -0.83703425 -1.45771244 -1.23172368 
-0.32791265 -0.08784708 -0.71227795 -0.60106531 0.44881064 -0.17825709 -0.77999341 0.13077163 0.38449829 -0.47788695 -0.18606613 0.13916506 -0.46633711 -0.41917187 -0.06106910 0.78013902 -0.11325573 0.19295448 -0.10613958 -0.50816284 -0.49535590 0.04748473 0.91866734 0.05996910 -1.51071870 0.35353818 1.04533573 0.15437384 1.78564564 0.50212269 -0.93220787 -2.38352778 0.79177551 -3.66144339 -0.50237659 -1.07499158 1.01191387 -0.66837101 0.70109842 0.79579884 0.15377660 -1.90068756 9.09864634 1.08046819 1.35568882 0.35662454 1.26293797 0.87152331 -0.18033742 -1.48509543 -0.14489713 0.02435421 0.32359563 -0.06427829 0.21926317 0.01125585 -0.09880639 -0.23084199 1.23710887 0.19860025 -0.29913724 -0.84595674 -0.10345083 0.06110246 -0.95907242 1.29365394 -0.96444006 0.93367918 0.14014175 
-0.21076287 -0.30209809 -0.31919782 -0.10521511 0.35683712 -0.26589085 0.75185794 1.20659712 -1.29351276 -0.56080860 -0.69057160 0.02119873 0.14967749 -0.80696960 0.51661841 1.32436022 -0.05823509 1.00974407 -0.43649992 -0.29842020 -0.73010370 -0.97818029 1.10512400 0.01090303 0.92858677 0.79846339 -1.13391954 0.57918513 0.30796669 0.87244658 0.95933794 1.16248019 -0.23861513 -1.57432504 -6.10316799 1.02744543 0.53390175 0.51975421 2.78751811 -0.95713175 0.65666800 2.74288187 1.08046819 10.49540452 0.25095303 1.07318113 -0.53676113 1.14937545 -0.43293237 -0.00123854 0.78124170 -0.37472133 0.20417751 -0.19076775 0.89566351 -0.17204281 -0.92766406 0.69171389 -0.18429760 -0.43044152 -0.69418649 -0.47552150 -0.49059665 1.15432391 0.75575269 1.25794698 -1.03113356 0.37273988 1.17570138 
0.90368087 0.18883170 -1.36813435 0.47152212 0.29598869 -0.93696492 -0.61352465 -0.16023648 1.42868664 0.16140661 0.05924831 -0.13080652 0.67361484 0.24963228 0.42650142 0.27419865 1.07696572 0.55082647 -0.51146714 -0.35476443 0.39565518 -0.43486333 -0.21395010 0.01956759 -0.06421786 -0.56037667 -0.58672122 -0.00763408 1.98796756 0.74870678 -0.06173825 1.70480792 1.02608640 -0.10223187 3.72225741 -4.77985467 1.53361778 1.39538352 0.02776888 -1.08221304 -0.59627531 1.95276670 1.35568882 0.25095303 19.25875068 -0.29616503 0.20526835 -0.66261161 0.49546666 2.45048535 -1.44550855 1.11812413 0.47559896 0.61616219 -1.30460994 0.50784673 -0.07794999 0.57309996 -0.28713858 -0.28182783 0.16315264 0.34209270 0.00726083 -0.04744458 0.89107178 1.07433856 0.25287882 -1.15435273 0.39255046 
0.34663521 1.57565716 1.89592386 0.12613834 -1.20491311 -1.09962312 0.22936160 -0.40661957 0.16430374 0.18281314 0.55763463 0.24606866 0.01006992 1.07444150 -0.09690893 -0.70675400 -0.74309819 1.30248163 -0.21792888 -0.09042889 0.68583225 0.68791246 -1.71712758 -0.27807253 -0.23594479 -1.20865758 0.91948442 0.25346243 2.09650552 -1.03111226 -0.74261695 2.92658510 0.82805507 -0.14180994 -0.64462895 -0.77121726 0.46102154 -0.17841649 3.03641773 0.71375413 -1.13980431 -0.44832738 0.35662454 1.07318113 -0.29616503 17.80709163 -0.72763859 3.30497329 -2.90087190 -0.50587611 2.15480120 -3.66196725 1.54033083 2.06747246 0.85248494 0.09099360 -1.80247804 1.63843932 1.11528869 -0.57423422 -0.24252837 0.03819505 -0.25561888 2.86544732 -0.78700500 1.13615581 1.42643276 0.14020225 1.28428482 
0.32998284 -0.76149810 0.65419017 -0.49672386 0.24006227 -0.47789793 -0.94675840 -0.64142625 -0.77960712 -0.58365057 0.49806482 0.59009223 -0.15110452 -0.02314655 0.41989439 -0.67263061 -0.98630456 0.26713933 0.43162534 -1.25742068 0.98423024 0.36103414 0.13804426 0.56361101 0.21314913 -1.36041067 -0.19471550 -1.61266755 1.53482075 0.18604505 -0.77470969 -0.35601430 0.48208445 0.31857654 -0.11442455 -0.23920406 -2.23961324 -5.83407056 0.31407276 0.40724808 -1.18240488 0.11352590 1.26293797 -0.53676113 0.20526835 -0.72763859 10.29976598 -1.03601455 2.11028207 1.22348431 -0.70853778 0.28608186 -0.97959241 0.30147781 -0.17391480 -1.26394397 -0.75653421 0.44185987 0.68083984 0.50561956 -0.97570100 0.03497910 -0.10653773 3.68860600 -0.30610587 0.26048805 -0.66185790 0.43594163 -0.29228002 
0.35474204 -0.82689582 -0.72737096 -0.16812100 0.41216381 0.44933122 -0.25987252 -0.02325641 1.48308947 -0.36668073 1.22229842 0.63309127 -0.13588800 -0.64185900 -0.26029345 1.07387197 0.57184102 -0.32885875 -0.45183847 -1.95931304 0.35917204 0.05640345 2.12004154 -0.24013373 0.93093539 -0.13484925 0.40995898 -0.93756859 0.41437895 0.55188827 -0.50829338 -0.90994106 -1.25835456 -0.87948809 -1.74636629 0.40209545 1.73156753 1.04095485 -3.54379528 0.63043555 -0.37945605 -1.35996133 0.87152331 1.14937545 -0.66261161 3.30497329 -1.03601455 9.22205817 -2.16393468 0.30018463 2.97539167 1.94980491 1.28511223 1.08015855 0.18780619 0.36551313 -0.23415198 -1.94062649 1.21022134 0.96184297 0.43790685 -0.53406092 0.20708958 -0.14828558 -0.93032135 1.36020687 -0.92274105 -0.33442799 -0.43951708 
-0.40376973 1.05206214 0.79849382 -0.35917642 -1.45777361 0.04634281 -0.38995667 0.22235259 0.62252235 0.02897827 -0.12844454 -0.12767220 -0.00088106 -0.18544317 0.50807935 0.01093021 -0.03969565 -0.89471312 -0.04318518 -0.14084624 -0.69790471 -0.62662651 1.22785740 -0.54648785 -0.12194181 1.36803445 -0.06795893 1.08493795 -0.86468471 -0.10118500 0.47540135 0.48230413 -0.28020257 0.65564720 0.07329372 0.40489305 0.20031332 -0.83807008 1.19579219 1.10372398 1.68758088 -3.19337699 -0.18033742 -0.43293237 0.49546666 -2.90087190 2.11028207 -2.16393468 15.83372009 1.89298961 -4.80163614 1.31115418 -0.05609864 1.62755690 -3.01930503 -1.55167894 -2.16655243 0.11126465 0.37841183 -0.49235482 0.32309420 0.17786656 -0.18405001 0.22415207 -0.76319304 -0.69352927 1.19982734 0.43628143 0.79374211 
0.33610651 0.52783073 0.57262869 0.52814055 -0.89358938 -0.01606446 1.48348753 0.24793662 0.43139477 -0.00621679 -0.96260290 0.07694220 0.50186775 0.17681875 -0.26354868 0.73148900 -0.68483635 -0.31791352 0.24587947 0.45261784 0.27240138 -0.86212774 -0.80029800 0.72475238 0.22252196 -0.77960012 0.19725867 -0.41998837 -1.50269824 -1.44760700 0.72311134 0.95137522 -1.54632487 0.50438759 -1.22465152 -1.44174621 -0.59167701 -1.44557750 -0.61074963 2.36278570 -5.03939850 0.52514437 -1.48509543 -0.00123854 2.45048535 -0.50587611 1.22348431 0.30018463 1.89298961 9.29168544 -0.57824091 -0.01116005 -0.84978937 0.36402131 -0.40143560 -0.56303820 -0.14017992 1.01580511 -0.31846720 0.30151777 -0.35175282 0.28495722 1.15976113 0.48453635 -0.36003683 0.30882851 -0.89012705 0.05187085 0.37278995 
